%%
0
1
4
0
1
0
3
3
3
3
3
0
3
0
1
1
1
2
1
2
2
2
2
0
2
4
0
4
0
1
4
4
3
0
0
4
4
2
2
3
1
4
1
1
1
2
4
3
0
0
0
3
0
0
0
0
0
0
2
0
4
3
4
4
1
0
1
1
1
1
1
3
0
0
0
1
0
1
3
4
4
4
1
2
2
1
0
3
1
4
2
2
2
3
0
3
2
3
0
3
3
3
4
3
1
4
1
4
1
4
4
0
4
4
4
4
3
4
4
4
3
4
4
4
1
1
0
1
%%
0.6166613698005676
1.8557037115097046
1.7202799320220947
2.3945870399475098
3.3906328678131104
%%
0.4058920741081238
2.4148383140563965
2.0861308574676514
2.2065007686614990
4.6067428588867188
2.3710875511169434
0.2718953490257263
2.7870717048645020
2.5968861579895020
4.7582793235778809
3.5283873081207275
2.7175536155700684
0.3111200630664825
2.3168380260467529
2.6118180751800537
3.3321509361267090
2.7272973060607910
3.1045510768890381
0.1591504663228989
6.7462205886840820
2.7867891788482666
2.3301248550415039
5.5714855194091797
2.1557478904724121
0.3264558017253876
%%
0.3385879695415497
2.5663433074951172
3.5517363548278809
1.9700512886047363
3.1633586883544922
2.3081438541412354
0.5134712457656860
2.2763671875000000
2.4620411396026611
2.1696078777313232
2.1910529136657715
2.2269854545593262
0.4539073705673218
3.0591876506805420
2.3199281692504883
2.9627401828765869
4.0319175720214844
2.1505584716796875
0.2604058384895325
3.1367254257202148
3.3927114009857178
2.5847315788269043
7.0177264213562012
2.1807150840759277
0.2521737813949585
