%%
62.4873735283352332
-1.2995192380779699
0.3297972783509859
3.2003401711232566
4.1940653564188608
4.6397397542245304
4.6087422017505801
3.3648789615286381
-2.5210021858341913
-2.0643333159340149
-0.0893231346834760
3.9708924099343115
4.9049909107934502
-2.0659484987651666
1.0337382283742185
3.9051205590618263
-0.5874588564172207
3.6758099717335595
-6.0200064012756549
0.9646892078038189
-4.5787297066122381
-0.3150023037621659
-5.4742532069202792
-0.8474759076913734
5.9232586236449603
3.4398554267954982
-0.4559354844899379
1.5491155473445353
4.8773731450045776
2.4211787773850175
-0.4285939379417539
1.1858571958450010
1.1641599824991886
-4.0584260160549341
-1.2262654576224883
4.5442005559001784
-2.4374035863673775
1.9587255330408448
-4.8084200513539681
3.1436278902610360
-0.7974374473555773
-2.2650577066924078
0.8378337184825773
2.2679794975529743
8.2715493012528114
1.2078139817330147
-0.0088851422054422
-0.1044813849918588
3.8163987719285650
1.0917833449337311
2.1981496764138422
1.6053172499603710
-1.9669480774600889
-4.1179306541483491
1.6194427077481865
2.3499524470430262
3.7719807384774744
-2.8291915570219195
-3.2296551918537943
4.8496842577810586
2.1500948262296591
2.4363931038151190
-3.5783245871026752
6.3822574681034583
-0.3364412086894979
-5.3169537632550341
-2.0693891686340922
7.8951192632281870
1.5707987648532269
-3.6790103961938634
8.9940210533868932
-2.5960757918562636
-0.9238631907807493
-3.0460823886823034
-3.0402790702302545
-8.3723680384373544
5.5393405837271725
6.1521789712822770
-2.7872020151917187
9.5521130989161929
-3.7574352576817756
-6.2246134542859739
3.8978441552767067
-1.3697601155922210
1.6210003071106511
-4.5010292741827600
-0.7231951000407403
1.0375219139385932
-2.4808349463666364
4.6013441449488433
1.1563073635323668
-1.5714901230749079
3.3933689534366795
1.5159693596342354
2.8727173556682359
-2.5849262780625359
-2.0019029860949549
3.4716953283956715
4.3407752978978582
-3.4347547668753196
2.1941705888831793
-2.2690342908120229
-0.4235345173175880
5.5193706952788704
-3.7848034326317377
-6.1251533395616358
0.8168477220305270
5.4771257838820224
3.3960450835826155
1.7617537431909165
-4.6704052581848927
-3.9840305408717214
-1.5915797852786338
2.2049546144753291
0.0057671385730713
-6.4804477621169241
0.3133090989205565
2.5453290581975345
4.0871033206805603
-5.4372171482564209
-1.6202147861218188
-5.1425669467514510
-5.0116541533846339
2.9106247996048475
0.8460909959394854
-1.3542368754087941
-3.3545036653291160
2.7929114784649447
%%
57.6432050369095563
-0.3441281008299271
-4.7920813422062523
-0.3079373675136128
2.4901676907027417
0.2471399918821631
3.3587764906368101
1.0027432233660001
1.2801345020672841
-1.5347891402658158
0.7235700227822386
-2.3894714042899130
0.0439598468329701
-3.0282255862014820
0.1491894037036852
2.7949605155386781
-1.8379802538320682
1.1868992394427904
-0.7587499398941675
-2.5875880676696230
-2.0149321064098880
2.4811638606151858
0.2013142698391999
3.2826149061459242
-0.7734075416790422
1.5005789085183205
-3.9215696089638423
-2.3971095752784488
-0.3663122302273050
-8.2587660889283878
1.4835908219994336
-1.4458174977484932
3.8797431099684250
1.0528899658760633
-1.6972435947492022
4.6694723206940969
-1.0873837900249999
-2.0035643334944444
5.4427157100100931
-4.7763694295243759
0.5990610966319463
-2.2995208894148296
-4.6651464090791475
0.7915916313455567
1.5806057000937037
0.9941152625032149
-1.4375205405507048
1.3299573654935020
5.4750304843375286
-3.7449675894491055
-2.5128300285556131
-0.0316186560778779
0.8632642118068565
-4.9020892032011094
-2.9939953304195024
1.8007661655577669
5.1168871105732983
-3.0709786890989577
-2.5398758053943382
4.7309955342691294
1.6290012202877657
-3.4590283751783435
7.0265306310331912
2.4419598721231224
-0.4888401196230339
-6.7504406532703571
5.9345929933681401
1.4778868996272059
-9.8893250665451511
6.0584951182763715
-3.9131323989139837
1.2205324859611089
1.0796195666905475
-1.8383833219753662
2.0461498616310254
4.1922000006298905
4.1312400656156978
-1.5803771144710219
-2.7498802038942820
-1.7929090195613737
2.5991175999544653
-3.0376119018723395
1.3461109449743991
1.0887858224458267
-2.4170063459547348
2.6304873225018595
4.4596904728434854
3.5849512141966251
0.5428699464611211
-4.9623865161946927
0.3657620063601366
3.5008851015077997
-0.5270615207471134
0.5945340615848373
-2.1857380564847757
0.2937586517633657
4.1734422558195403
2.3669543599766456
0.8145498442174306
-1.8452937200125863
-2.4049940978698143
6.1167499576454141
0.5196765113854018
-1.2549315175682110
-3.6782639057062232
-0.9491678175301814
1.2761150720887950
-0.8552338150296295
0.7654374480978763
2.6859019378386924
-1.0612455795664089
-4.8102998420458913
8.7215736204630208
4.3078238223499508
-1.0416630443532817
0.5644209364590839
-1.3090587116877990
-4.7068020019246921
1.2794676455470031
4.2325337612241976
8.0521610025689441
4.6602248782223050
-0.7263052190904001
-2.2479713764588762
-1.8350250479026617
1.4534097149296192
1.3173059767319206
4.9335033350985880
