%%
0.8483178396146527
0.9316474009271629
0.0749141099239747
0.3243126095086337
0.4889216894177568
0.2003220013219365
0.2465207945154783
0.5009444841545747
0.3833875674814791
0.8638473264891788
0.4270323830861616
0.0263683207747022
0.1798125277440863
0.5388504032397917
0.9782153590525915
0.8309093043465101
0.8577368190902865
0.9543748287741737
0.8490474371089849
0.3694121479802369
0.3352441047664209
0.7552438928694989
0.2817087394018067
0.4852360002861091
0.7268004045533238
0.6343918397825450
0.2104079488356254
0.0395947057002634
0.0400209978161234
0.2976758337005888
0.9521082225628823
0.1866873697274503
0.7358651200871347
0.1361097436415447
0.9090931683964897
0.4604792296588825
0.5769636562652027
0.8616704275858206
0.8767687582692533
0.0279669403183254
0.8816612565392817
0.1866195592416753
0.7633503369248252
0.2150746941951263
0.1339641300308199
0.7161428864829403
0.1365021466723779
0.5001932391978972
0.8470236345937937
0.4470622249540837
0.7140811894103265
0.0127652175460312
0.3876666127209407
0.9958895038034786
0.0926458725571736
0.9676672240567189
0.3736362838672994
0.0488822949430138
0.4076365668481068
0.4603180906842517
0.2873166763901486
0.4365584272465929
0.5850196896009423
0.9590813817633715
0.9980595552286854
0.6068136140773602
0.7043815368917442
0.1974515966674346
0.6575472564589070
0.9454611044982865
0.5747363779881197
0.2194919783622648
0.5763745454924379
0.7153851752905834
0.8911010718686341
0.5206280483477259
0.1501220678649025
0.3812301813733660
0.0463248309608765
0.4254903780644615
0.4973494195501764
0.4281354730441760
0.1142915128435944
0.0804645407448647
0.4373515560814680
0.2582268915654431
0.7683934478079263
0.0766898881091194
0.8463122892926332
0.1107166721271598
0.5840612962298976
0.8557126220464411
0.4838001677368423
0.0621016340325793
0.1310235740565679
0.3776118887938892
0.3530460812272584
0.4149216674120018
0.2064459122797230
0.8343916891700796
0.0932775064851222
0.2731170192259920
0.3356228717457055
0.3267963290017710
0.0435681404918652
0.7228303690021292
0.2107907960557750
0.9615694238266003
0.9326414560282523
0.9394618799882867
0.1764777376547630
0.3732788212737727
0.4000735922705779
0.1120309369903489
0.0511100243190568
0.8575182783261570
0.1349654718909908
0.9723092959416103
0.8067179481103881
0.4657453752075365
0.8214647023258758
0.6642716262994925
0.2924958180021960
0.9396144243758447
0.6692048055281263
0.4554570494036198
0.0154017302137861
0.9462209557130911
%%
0.6706497803768818
0.8259915659051159
0.6127769850532617
0.4042432493346517
0.0563064540342341
0.4506809985950107
0.6728182306226016
0.2093887700710019
0.2629049630806244
0.0068903568874143
0.6741981263711310
0.8026358879744457
0.6615563839200532
0.2011487589490933
0.2966113305625048
0.5350148999623799
0.7123884593841227
0.8801106496231675
0.1057599762765537
0.7736908773165471
0.1150862062662503
0.3439478131991411
0.2162976539518998
0.0057640498417387
0.5205619338920122
0.1837588835868946
0.1072048133407638
0.9330220583897403
0.0781877556303664
0.6604415374454923
0.0055543256941696
0.2113213532549362
0.4166371044168225
0.2489126317221700
0.8804237290693118
0.9114630717835008
0.2122197185028387
0.1872496047054253
0.0283493571356546
0.0011739769717719
0.2587451230366413
0.6134283988672150
0.7960136720771441
0.4417212743517567
0.3538190365232776
0.4820827424201957
0.7270079301991990
0.5540293780631791
0.6844720529281880
0.7395825773469121
0.1689867872929229
0.7390011771948182
0.3889554660143338
0.0158743815304996
0.2794561312296530
0.5488249778351199
0.9939879360511114
0.3265921768161898
0.7380059200028429
0.2686659846029050
0.0140301867513706
0.0345076306283345
0.7098586658566393
0.8804033136216555
0.1311251822393278
0.1738269702011150
0.9467849911595574
0.0635165505526809
0.8045666146925562
0.5500252055448300
0.2960850128458551
0.3791679357611623
0.3318679405186607
0.1383370271666072
0.9622471231685127
0.0008209235817533
0.2858982586997720
0.9627033012525220
0.5536461903980735
0.0203918495292208
0.2673520692161342
0.3587292238852842
0.0093934765497702
0.0284739994461690
0.5054042027492341
0.8181935096212357
0.5459306504169178
0.9984011518683296
0.4788924934998232
0.9047358057561707
0.6958031753814037
0.0826713344650157
0.2449075192032626
0.4332419552713540
0.7481090411770011
0.3337436210362408
0.1288111479371150
0.1393425109365868
0.3694359018085516
0.2161886277610609
0.0868289540623030
0.2809660913222927
0.6834390896658262
0.6599492802927122
0.0703576285531474
0.8851721422324230
0.0784159016220343
0.6775815611931443
0.8723857873635551
0.3442387428829488
0.7488398469947676
0.6865869483303326
0.5721400649461029
0.5113942038836549
0.7175259320021290
0.5784878853002242
0.1192925964151463
0.3728264511453223
0.3324480279209299
0.7348138089866270
0.9113418227917187
0.0133558732261029
0.0444334379695671
0.7655890089284283
0.8380837128929514
0.6909078386850797
0.8479124776327206
0.7677202200246880
%%
1.0000000000000000
0.9987954562051724
0.9951847266721969
0.9891765099647810
0.9807852804032304
0.9700312531945440
0.9569403357322088
0.9415440651830207
0.9238795325112866
0.9039892931234432
0.8819212643483549
0.8577286100002719
0.8314696123025450
0.8032075314806447
0.7730104533627368
0.7409511253549589
0.7071067811865472
0.6715589548470181
0.6343932841636450
0.5956993044924330
0.5555702330196018
0.5141027441932213
0.4713967368259972
0.4275550934302816
0.3826834323650892
0.3368898533922194
0.2902846772544617
0.2429801799032631
0.1950903220161277
0.1467304744553611
0.0980171403295599
0.0490676743274172
-0.0000000000000008
-0.0490676743274189
-0.0980171403295615
-0.1467304744553627
-0.1950903220161293
-0.2429801799032647
-0.2902846772544633
-0.3368898533922210
-0.3826834323650907
-0.4275550934302831
-0.4713967368259985
-0.5141027441932228
-0.5555702330196031
-0.5956993044924344
-0.6343932841636464
-0.6715589548470194
-0.7071067811865483
-0.7409511253549598
-0.7730104533627378
-0.8032075314806456
-0.8314696123025460
-0.8577286100002728
-0.8819212643483557
-0.9039892931234439
-0.9238795325112872
-0.9415440651830213
-0.9569403357322093
-0.9700312531945444
-0.9807852804032308
-0.9891765099647812
-0.9951847266721970
-0.9987954562051725
%%
-0.0000000000000000
-0.0490676743274180
-0.0980171403295607
-0.1467304744553618
-0.1950903220161284
-0.2429801799032640
-0.2902846772544625
-0.3368898533922202
-0.3826834323650899
-0.4275550934302823
-0.4713967368259979
-0.5141027441932220
-0.5555702330196025
-0.5956993044924337
-0.6343932841636457
-0.6715589548470187
-0.7071067811865478
-0.7409511253549594
-0.7730104533627373
-0.8032075314806452
-0.8314696123025456
-0.8577286100002723
-0.8819212643483553
-0.9039892931234436
-0.9238795325112870
-0.9415440651830210
-0.9569403357322090
-0.9700312531945442
-0.9807852804032305
-0.9891765099647811
-0.9951847266721969
-0.9987954562051724
-1.0000000000000000
-0.9987954562051724
-0.9951847266721968
-0.9891765099647808
-0.9807852804032302
-0.9700312531945438
-0.9569403357322086
-0.9415440651830205
-0.9238795325112864
-0.9039892931234429
-0.8819212643483546
-0.8577286100002715
-0.8314696123025447
-0.8032075314806442
-0.7730104533627362
-0.7409511253549581
-0.7071067811865467
-0.6715589548470176
-0.6343932841636445
-0.5956993044924324
-0.5555702330196011
-0.5141027441932207
-0.4713967368259963
-0.4275550934302808
-0.3826834323650886
-0.3368898533922187
-0.2902846772544611
-0.2429801799032623
-0.1950903220161269
-0.1467304744553601
-0.0980171403295591
-0.0490676743274162
