%%
684212.2356512818951160
509216.1935110002523288
572386.3346971180289984
470749.5430328405927867
676777.9567132764495909
509786.3940233507310040
241582.0743084186979104
216540.4141118482802995
565959.4475933482171968
368339.9590477983583696
1143862.8421632631216198
243317.5801817799801938
1002118.2655483233975247
1103021.3840209310874343
62772.1431540179983131
538215.2677008353639394
1066072.0095606150571257
1095487.2424790998920798
1152378.2146187720354646
664331.4346180049469694
728087.0465254517039284
492916.8141446752706543
768837.3265873967902735
85160.5956958741880953
347656.3698633356834762
163399.1526183040114120
362507.5120870872051455
742662.0232768853893504
948690.2017725830664858
225545.9389733040006831
1036248.6628012848086655
909347.8522285851649940
746585.2266893187770620
630794.1594142080284655
734361.2781949907075614
415444.6284194283070974
844236.3389361115405336
462125.4377482033451088
124339.3342542419995880
318674.1304321875795722
628320.4943086893763393
117218.1986652663035784
1038874.8618650280404836
1184184.0744168926030397
372604.5546816383139230
307313.9701073080650531
1164313.1766325468197465
1026934.3499382975278422
557551.9939202908426523
23006.8531850140025199
234237.5511186799267307
809616.7143858228810132
801610.3813579328125343
51865.0769347980021848
1049295.3104630119632930
768160.8395519943442196
887060.0737862049136311
522110.8922541754436679
211390.2852685628749896
404130.6806557331583463
1012835.8711954161990434
105979.3725497252016794
696262.8054578304290771
936426.2347772590583190
662272.0702195854391903
669145.6868301507784054
1013788.5378420370398089
425117.6195720950490795
82895.8593833035120042
143515.8191009492729791
328250.4917988873785362
1208606.3203690790105611
1044882.6662948246812448
382771.2272644014446996
169912.2921476754709147
652247.4122292413376272
446273.5818881595041603
386372.6125969304121099
705287.1898231443483382
492576.2426521974266507
1154519.6219977382570505
1154511.5934819064568728
97931.3898298558779061
1019721.0754867793293670
1324865.3857610835693777
1275161.1348257537465543
296300.1804275920731016
308807.9249678039341234
672300.6811964528169483
673939.0227838585851714
962040.0762797963107005
185045.7804358098073862
518454.2780115082859993
1271110.3154738133307546
1220018.4311229381710291
532996.8361821325961500
512557.4661509264260530
136089.0697202287847176
722198.0885445263702422
644292.5889641453977674
1028457.7009941323194653
78021.7664092118939152
826815.8866218051407486
232254.1167330539901741
1108806.2025144963990897
1188498.7119405576959252
1154702.3666338322218508
395121.6463017005589791
476842.3595170628977939
624101.8084941365523264
131316.7066045830142684
964555.2779531297273934
504292.6257066851248965
781447.2065649357391521
926068.5238168290816247
1275285.5811960294377059
377924.3714458080357872
1093682.1355116737540811
545794.5659810177749023
1039762.5916667835554108
1214598.7029803788755089
777286.5291465707123280
82028.1252622430038173
42582.1994118119910127
1288833.5784697481431067
736783.8974525375524536
220773.3659546855196822
916991.4050337065709755
1107437.2963928726967424
828897.0895142866065726
113643.3877188618207583
725179.5541212038369849
1003933.7676551713375375
1090352.3563913111574948
1126467.0942805928643793
697642.6881724554114044
1270461.0156216686591506
1152917.5172114088200033
239068.9547737649991177
991421.3549248046474531
492976.6614828263409436
282013.0718294017715380
746290.5286169950850308
166688.7905698651156854
227340.6797055620118044
692048.5623186900047585
329638.9223146149888635
1162106.1277026252355427
643928.1119897672906518
584048.2742206188850105
995943.6655793028185144
594204.6621512299170718
613893.4976086704991758
682192.2263681765180081
13409.2680232830025489
764040.0798358308384195
1129681.2088824883103371
1799.9260012999998253
1220159.5231606035958976
559526.2900093145435676
583194.8792754252208397
1051388.8491603189613670
555877.5623930116416886
604369.0412610236089677
475878.6486148168914951
737277.9308838134165853
354141.7121854844153859
1180734.2131518737878650
216938.1376958049950190
261110.7215360979025718
575083.5651816846802831
1046985.0212169357109815
131495.2784955751267262
846719.2417238717898726
1208296.2026248699985445
1092105.8648323789238930
125273.1716240520181600
1183647.3407635809853673
361387.6093942331499420
1295768.3568894793279469
851237.7739346249727532
643164.7186741257319227
236649.2252705793653149
53079.6711115582002094
805419.1964718397939578
617047.5287829393055290
698096.3316356254508719
1097732.2470038814935833
139734.4151198945473880
175685.7377331181196496
781857.0606273625744507
871569.7198026995174587
317819.3942225620849058
228839.3128501534520183
921385.6595476417569444
137000.9218334443867207
395970.8651716934400611
511702.6408000529045239
101655.7180558953987202
434575.2205600818269886
112857.1382088318932801
471384.3704121315968223
1097316.6907820855267346
348875.2720190627733245
454652.2620681408443488
982638.4344753532204777
1114384.5845752712339163
15458.7674955467991822
221142.2458047899126541
1322472.1181414548773319
916078.4746666081482545
739382.2502133715897799
812499.3297189533477649
1091651.3484186646528542
1168348.8289361109491438
798403.6093293164158240
599527.0112924379063770
1164432.9242777377367020
631912.3325193241471425
45441.3515176503933617
743138.2520602340810001
319456.7344693411141634
1217903.2839265146758407
509139.3782886002445593
939407.7270715812919661
1184613.7352294970769435
1182526.1450455882586539
1016499.0986436695093289
1218920.4864150339271873
663095.9229804483475164
1005095.1971482464578003
1098955.4385479374323040
110145.0204433932231041
985382.3230943147791550
131602.2662942890019622
848580.3084326871903613
321773.7130670543992892
461878.5941243555280380
1179000.0040476461872458
647635.7754568671807647
308272.7467679320834577
126271.1921380620478885
223248.9928600469429512
162494.5445294529781677
1253491.1454849569126964
301320.2427992195589468
1031780.9808188518509269
512455.6190769752138294
46244.4508467249979731
465309.8578808955498971
133808.4030102474789601
1086459.6971843866631389
764432.2858241203939542
255888.7203368736954872
1101882.1123969915788621
1176728.5274188593029976
1194554.3696453245356679
32459.6281349529963336
65201.2570289030190906
990353.8008601358160377
976700.4056533665861934
197854.5535712328855880
923791.8481546775437891
35875.8825098380038980
673786.4219779985724017
677193.2585596693679690
72300.1500525895826286
1205712.9889674133155495
1243494.9389273291453719
565281.3244756959611550
362845.9911230137804523
989303.1221868095453829
335410.6047945851460099
902197.6384709400590509
481506.2722703902400099
853833.2816202571848407
629934.9058417854830623
1091762.3035113832447678
368685.3918826715089381
970887.3415090751368552
988963.4636397019494325
170225.5746832693112083
1016797.0375285675982013
641140.3599142029415816
158190.3432735640380997
586554.8310902938246727
992161.7521824267460033
940789.7755409413948655
669732.0663278478896245
375302.5747192718554288
326383.0319598526693881
207596.5452492829354014
189924.7032615970529150
998273.1015617172233760
890038.4362894772784784
1211092.3218253247905523
289387.7313386186142452
676558.2165358585771173
718893.1941269959788769
776605.2142419787123799
1183504.5309941787272692
1219348.6542883913498372
941039.8191637910204008
839930.2956233370350674
1116790.1920959232375026
414581.9366093614371493
1254434.5321228404063731
408172.8179709023679607
1103541.6673367696348578
1043577.2194510692497715
392728.9916184344328940
70166.0814842129911995
1125447.7151079608593136
1048868.9822343534324318
886428.1949486536905169
102142.8394477100227959
3063.0806996116298251
247339.1076870847609825
1171524.7589193717576563
509367.6465302752912976
1261026.9254901325330138
18294.6280553399992641
131099.2509038409916684
435690.5861013755784370
760447.3976891566999257
18419.4876219139987370
435085.4387772345799021
767500.9228692351607606
255572.4398247748904396
189612.7820810669800267
1033817.4633503421209753
765873.8181751570664346
633859.6953429511049762
1040310.1730829882435501
952199.9773605563677847
660316.2220155888935551
1037167.3176927998429164
1272473.0304223697166890
280396.6457644078764133
26686.5286105960003624
480647.2249024318880402
493373.5370398822124116
154581.3457221183343790
1247782.9369891127571464
1009730.2640811299206689
326945.5827010907232761
887117.8668329620268196
755823.6325512906769291
447661.8433984532603063
590394.3988859136588871
415194.8425993933924474
935210.3275634896708652
878905.9164850327651948
794807.2009255909360945
685638.9995760996825993
747231.2960968429688364
1306458.5706727115903050
475789.4607044777367264
1209056.2068230996374041
1122256.3812849766109139
51980.1076474076035083
240450.6625134442874696
1123573.7474242714233696
472528.1716983576188795
575189.1013608920620754
655179.0767700016731396
531008.1151288386899978
430006.9631381976651028
1121830.5449393999297172
1019288.1929144936148077
373142.0740228160284460
390364.6255832430324517
1313532.1658237797673792
658172.2155933436006308
173236.4996543467859738
630458.9914534196723253
345389.9939291565679014
1268386.2131441640667617
647253.7241369258845225
362867.0677974009886384
1142307.9619258949533105
966156.4669904790353030
839451.0161683120531961
89167.4324349778034957
610809.9427296323701739
612432.2283602731768042
91472.6667340129788499
93920.3055947516695596
113849.6142798319924623
1267226.2671891560312361
1238940.2010314916260540
500498.8620972381904721
1079528.2914099497720599
712120.9464078600285575
228391.3013057739299256
103850.1343057379854145
970801.0143039287067950
724876.3609274426707998
434522.2150378816295415
928807.9677422633394599
479275.6014204708626494
373621.8123725507757626
80599.0765444587887032
575370.4882752322591841
704294.9703610695432872
1048649.5366803237702698
657333.8842613853048533
30302.1568911995054805
948775.0648852427257225
241566.5715549624292180
1123955.7044481164775789
1190980.6654079568106681
365738.5525866941316053
630396.3995896417181939
189092.9841997580078896
555194.7439960483461618
411355.5467919130460359
638776.2577068100217730
158932.6106190232094377
307374.2414948020596057
818142.4463271379936486
124812.1197244165086886
316904.0448186944122426
759968.7622329135192558
967574.4075398839777336
193599.3373643392405938
556991.4057630028109998
1032705.0803005952620879
1245949.8919076481834054
925125.7463285976555198
660987.7622806782601401
46322.7421271454004454
1196504.7336593214422464
628535.9580976618453860
1217925.3123497671913356
525047.7502156635746360
451384.1011693264590576
495879.6356848452705890
1054905.0426221955567598
821081.0488687522010878
352302.8984616488451138
1076134.7472195024602115
3267.0967759170002864
715874.0563533146632835
1079615.2309982306323946
173494.6739042224653531
488335.8382139967870899
355680.7514202868915163
745229.3655460211448371
1086932.2274568625725806
797246.4734324107412249
891445.3392995346803218
1104338.3350993965286762
1166683.1678395369090140
502996.6245844442746602
721318.3351146118948236
467319.5342458597151563
1224561.5254587021190673
966178.5950964713701978
890875.9918791018426418
604494.3721501308027655
298090.6549036803189665
332440.0596372189465910
681252.7494238775689155
32602.2852875595999649
474600.9799050492001697
461171.2679223221493885
262708.5896969406749122
81590.1710760622081580
265957.3550407802104019
429646.1213713473407552
1119758.7023520919028670
1084968.0869929902255535
28580.0561140099998738
1329862.9131869655102491
1323350.7611410829704255
1151274.3425839233677834
1193044.4752306982409209
177835.5181157053448260
782524.8150175837799907
705357.4687291091540828
177381.7785817070689518
260643.6820541983470321
544808.7640659185126424
846333.0575318728806451
224093.9334588187630288
590254.3205027128569782
273690.6133240325143561
898049.0414805704494938
661581.0616484498605132
459048.4775904314010404
286124.4705750237917528
1144398.2465850547887385
1059974.9017356117255986
865828.8502777465619147
1261461.6559665577951819
384082.8643433161196299
302828.6892082820995711
25100.0223761620000005
782535.5813509841682389
324821.9573456530924886
342937.3208187104319222
441860.6688227202394046
850246.7822906469227746
830915.2422423189273104
451946.2426215954474173
1040300.9645496768644080
851723.8590564089827240
8391.0268474849999620
110440.8164678535831627
724256.2916387533769011
873147.7152861156500876
3427.6446144000001368
240459.9545094222994521
189707.3411891024152283
408262.7492027675616555
260811.7499848294246476
289124.5290928310714662
1003412.8287643518997356
934065.9138943769503385
619900.8312376210233197
566626.8917046512942761
8090.3590697039999213
1082870.0488991138990968
722701.4854876984609291
754676.7432579444721341
123726.5751232924521901
408084.6299448902136646
1099799.5284264655783772
1280300.1828702525235713
208662.5121011425799225
1110613.9742045062594116
801054.2854802241781726
1285847.5473210683558136
133557.6467581960023381
933498.2683603337500244
205865.7078213918430265
846285.5270410082302988
969671.1078198609175161
848607.8063129954971373
621402.7831088685197756
333103.2485566158429720
389908.9801221481175162
725505.1443773066857830
27811.0756444559992815
49609.1855626999895321
975053.5951801147311926
1118828.6362238088622689
159643.0679685020295437
1050151.3650646728929132
331683.2711193724535406
439933.5838271693210118
419581.5674766968004405
737233.9181416054489091
601341.4010466497857124
374172.4088563757832162
958611.4434604267589748
88048.1890213047881844
69247.5578901537082857
1321995.8775822385214269
32235.8144714394038601
781992.5359911348205060
712745.1087405601283535
666203.8390673304675147
1214052.6230247393250465
615141.9326866402989253
735111.8935910995351151
919080.9736964507028461
1116110.0092402263544500
729818.5176669249776751
214708.1458731280290522
589661.4600980989634991
54035.7845369659989956
102265.2524364170240005
383875.4451734766480513
1030621.2067959998967126
454145.8820805552531965
1030854.7283638877561316
1174352.6525259988848120
1190141.9883025854360312
235544.0477064386941493
230032.7552625806420110
266040.2533927386975847
141915.1324774896493182
218440.9021678568969946
82143.2968429351894883
1277342.5446173229720443
940683.0042472893837839
362706.4214343828498386
368424.8041541497805156
801500.6834118514088914
866064.2084003774216399
739183.1933068560902029
869432.6436793560860679
670657.3242728527402505
98439.8495895050000399
1008284.9383933192584664
193479.3731704932288267
804591.2934524503070861
171743.2722194330417551
628557.0028380526928231
800897.9598700108472258
1077973.7242739531211555
590489.5764396798331290
362516.9261281417566352
974728.9429202950559556
1175743.9535982725210488
711797.0638335680123419
797032.4825944773619995
66069.8483564619964454
223544.1244209527794737
1278286.7996623627841473
910990.1130027727922425
984225.2712431648978963
1088287.4062465529423207
975272.5551985792117193
619712.5213274104753509
118811.3198412319761701
729725.3376655420288444
798469.8486673171864823
1194151.4528086928185076
391786.8894940002937801
605366.9033968036528677
319775.0032482665264979
1177998.1117633630055934
813557.3286499597597867
506788.8738261298858561
299118.2583521286142059
119808.6350027959706495
397899.7473677753005177
1108279.1788359314668924
790012.5855177935445681
706735.0665539237670600
690716.6781461350619793
45580.2293190040072659
160726.3751487470581196
1057746.0179672066587955
94296.6616280050075147
242407.5199027514318004
1310997.0951073430478573
619656.8646074138814583
19617.5075177599974268
97762.8817117088474333
377103.8131095094140619
1233426.4672418406698853
254164.6118189688422717
1026658.0925042108865455
662852.6580677051097155
1177127.2224123179912567
901939.9948188061825931
626276.2923129448899999
341116.7356080382596701
713195.5299331720452756
1092696.9150751028209925
958221.4509240147890523
64494.2036885100096697
1094690.5859873732551932
755804.7780157676897943
776040.6033175701741129
679130.0609663625946268
612759.4961328146746382
68548.8838896037486847
886114.0350358090363443
221933.9714522981084883
328260.3719078000285663
254593.3623412697925232
532343.2386032000649720
651772.2028583292849362
968815.2128580604912713
442200.2681775700766593
809457.7748084673658013
164772.9587754244275857
983287.1846109989564866
1145303.0915104362647980
1159460.9787085212301463
193948.0711647600983270
665138.4787788672838360
327201.1264745960943401
998420.9513574530137703
981669.7049687949474901
408116.7611043725628406
439152.6618848302750848
181637.4226595132786315
39027.0411924529980752
1118584.3488898065406829
290079.0574408173561096
541449.3054343154653907
245018.6882474665762857
594767.0885264484677464
885798.5982192688388750
662592.3445036388002336
140147.5932781197770964
927027.4325433814665303
588130.8101584010291845
483570.1113167462171987
828108.2471574917435646
940021.0191004247171804
1082162.2909761394839734
820987.7075836363947019
299041.4262092944700271
465739.4571917120483704
798698.8979779684450477
203666.7884690016799141
429308.0221452956902795
399951.8421827569254674
955045.6491429856978357
1154114.2422062999103218
270406.8673286802368239
1206144.3480053029488772
950023.5947223717812449
948112.1846012449823320
524665.0903067103354260
503782.7945206906297244
338002.1738270439091139
1010594.1085685760481283
865556.2260703964857385
857041.9011229077586904
1144688.8850829962175339
1066057.7769640907645226
565841.6313416992779821
1129764.2870417952071875
1116452.5239419869612902
326471.1010229779058136
291603.6425892569823191
268218.3869707635603845
1172220.2117772705387324
1069201.8436539487447590
426814.2685490458970889
1162782.1333014809060842
243268.2018031737825368
1291200.7296043804381043
131698.8565546294266824
1285612.1092347470112145
631946.5579663016833365
1326375.6390069562476128
965059.4867802176158875
1100039.0795246574562043
864415.1171070464188233
797329.8809325932525098
744520.9281228876207024
65769.8794953160104342
328753.1090161297470331
838222.1027540920767933
266430.0483413859037682
1245074.5361530436202884
681531.0491828635567799
517048.4049624775070697
1089184.5503700536210090
862417.9418110876576975
973498.0867982852505520
563643.5486397609347478
815442.9765491390135139
1236700.4354630094021559
1608.8578214279998519
267243.7427944221999496
246296.9301217528991401
945374.1083068522857502
290482.8511629611020908
159286.3481462956988253
984346.5769798356341198
1073658.7028899276629090
158642.0082246924284846
544101.2739064604975283
1222094.9584937838371843
117249.5163978217751719
637996.6904102585976943
920.1592106880000301
985569.7401552760275081
24454.2154390380019322
1100030.5157796237617731
653945.7107274788431823
214911.5580320589360781
173077.6893873097724281
327437.9280096751754172
301533.3729119634372182
1056937.0874095584731549
151598.1122425059729721
1052573.9206967365462333
697201.9933871317189187
1216937.8990718212444335
725687.5764302468160167
983623.0386707782745361
1193179.8180561021436006
539060.4943531319731846
387802.1183873020927422
826656.3031195842195302
186437.8881399022939149
810427.2596142054535449
1030233.1989531592698768
633024.0725049383472651
502000.7413888137671165
659714.9579376688925549
344970.0527848813217133
198038.4511956329806708
848496.1233531441539526
141729.2063253519590944
683349.5460990174906328
390801.2343608665396459
588843.8134910712251440
1077668.6999748558737338
123056.9770375229272759
1029335.0417145052924752
1193698.6548081373330206
970385.8548952545970678
740131.3664233165327460
899240.0220555132254958
552719.4808209605980664
129376.1269996328046545
417702.7168900384567678
763162.4465475361794233
215295.3164502800209448
996029.8048669378040358
649718.8954351289430633
1187922.4474927161354572
1195417.7062199106439948
232392.4065247774706222
706795.7630471932934597
244100.0868802779004909
186027.2181528045912273
8215.8128308983013994
511104.9073712656972930
1165071.5011453905608505
1210322.8393232258968055
302609.8769098028424196
297934.4573016568901949
704344.6401766355847940
987577.9326444169273600
787117.9029736584052444
210831.3272378214169294
162762.9882877284544520
321956.8354320952203125
83374.8472580160305370
534156.2172484189504758
704456.1812545524444431
331936.0994204832823016
651396.3285313355736434
26045.0924974600966380
237056.8999562870303635
49326.9846707379983854
325431.7603529462940060
698766.1341995234834030
849361.0867853057570755
294421.1893918744754046
676559.7130225000437349
1210201.1511301281861961
52766.4491538100046455
821379.9679675126681104
82321.7814280386082828
636773.6599600235931575
1177108.9132744604721665
4753.7779754399998637
1266220.4593152939341962
515643.7789791477844119
1254653.7682473605964333
1315457.4628353274893016
405422.1802040180191398
244770.2354322334867902
243666.9216708284802735
13959.8750940900008572
1236518.8672256951685995
875168.8548712208867073
657523.3852461570641026
881558.3862224712502211
215530.4400873582635541
779085.6944613155210391
863638.4517634656513110
1045676.5859444668749347
58466.6691142410054454
1072047.9478454312775284
44517.0491198949966929
1094717.8821434138808399
651434.0819531468441710
837800.9370693535311148
371758.7390152534935623
318201.9781845309189521
242233.8073069679085165
1055932.3800220878329128
172654.0546894136641640
672080.2834443585015833
49327.6308014299938804
478955.6987519037793390
447075.0414297310635448
800629.9427553249988705
617334.4895340966759250
1205885.5061279742512852
143677.2788106679508928
273729.9845925710978918
174462.2941700328083243
324235.3019114156486467
1276677.4718528534285724
496847.8133339564665221
500631.8732275697984733
1015428.8621711673913524
350232.7374120769673027
719623.5843458750750870
47544.5031945025039022
1112221.6841298302169889
95797.3199469414103078
416883.5978317040717229
545579.2929477969883010
993252.2809020256390795
492509.6307377581833862
381383.1061911190627143
1278462.7405776036903262
661068.4120543202152476
715392.4629033291712403
344490.9570694069261663
693471.0170876751653850
328744.5152616652776487
744499.8010729429079220
516509.7801478449255228
450707.9681263646343723
414200.8868388254195452
821860.3534148093312979
565958.6026475378312171
69739.7621834253077395
306863.6449170542764477
1004841.5204334211302921
418819.6552182624582201
1270077.7837301525287330
668474.8289630864746869
838261.9472512981155887
191523.1610780860355590
749318.4212150993989781
1080645.3195887424517423
1017837.1221909332089126
553150.2902076910249889
757549.5066357881296426
734797.4970041456399485
1154493.1410104553215206
20760.5666569979985070
78420.6465656525251688
17036.9444557558999804
1258226.4185207318514585
1157221.9326461066957563
865755.8740865578874946
1171080.1680214279331267
44979.3507286569947610
724397.5381481774384156
313710.7502392808673903
242079.5841876321064774
69120.4897833080030978
364989.0638777308631688
571763.2806336513021961
224011.4775467922736425
324987.3441646260325797
777121.7462039202218875
1013353.6497623729519546
134150.6687358446943108
97690.9589519173750887
831959.0000975723378360
408084.0096348647493869
558464.8395793853560463
818892.6342755074147135
1076400.0690302788279951
132397.2667074869677890
268444.5173149642068893
364242.2843418482807465
379752.4526963116368279
1077973.3135805220808834
1201940.7553032648283988
510951.5394120815908536
630218.3579897232120857
561538.4150813207961619
871823.7865324413869530
836634.3771358238300309
62764.5986563940023188
835878.5586740415310487
227306.6114846092823427
967196.5714729580795392
1090497.3533240514807403
1181862.7114647533744574
520407.0429938202723861
781466.0938683043932542
460227.7511206989292987
1147943.1689596620853990
158232.7082973197393585
105511.8306308240280487
1118556.4365161117166281
165105.2868801895820070
885835.8378273884300143
76182.5325429114163853
988151.3322222559945658
152898.5658680805645417
1084837.5467671644873917
703509.7164962739916518
251793.5971952102845535
922599.9421472026733682
493185.1506844868999906
13013.4689221999997244
519053.6518890265724622
748932.4365400143433362
43387.0314486989882425
1171171.2546047095675021
844068.8311310179997236
756650.6023423847509548
344788.0583084807149135
571717.0076514356769621
1008442.6365970411570743
248240.3275538129964843
250737.1279227562772576
674773.5995779461227357
1124968.4655228066258132
434759.3196969430427998
150039.2241629643831402
61235.7591243586066412
245833.6091809373756405
946617.0640831771306694
551076.4355346765369177
246045.8252567964082118
176132.2855068904755171
925767.1796131689334288
1005955.6397792368661612
961797.4348900254117325
28523.5392133799978183
544841.0871940052602440
539952.5317187800537795
1090439.2179301243741065
7378.4269409267999436
409366.5275618727318943
1122578.9427116834558547
535652.1196574429050088
1224574.3490745918825269
835744.9818890750175342
622821.5921118272235617
228010.0720315298240166
619124.8017412846675143
744971.5176664795726538
1183162.5572597326245159
1288586.7973359161987901
1084232.6242961131501943
697871.5109025042038411
586796.2519406564533710
390767.0179689487558790
139038.3970630045223515
1211571.2784356884658337
687485.1977211459307000
391067.4777181430254132
842599.4803314453456551
305548.5040693458868191
776666.2784573778044432
421725.3968689590692520
95978.1323037139954977
361325.0740168706397526
756198.5404919928405434
870058.8813349910778925
227207.4682937058678363
601680.7397163984132931
979263.9604047271423042
224806.8904397092410363
1259233.2681368666235358
284350.6221382005605847
975146.3311775149777532
750392.7689485123846680
370020.1504778622183949
731013.9988064055796713
386431.1677963298861869
221420.1106822650472168
135558.6114742219506297
144673.4841866247588769
294569.8203129611210898
263753.4490454435581341
18007.7498765420023119
726695.5297372541390359
1003124.2043635917361826
539419.3091656904434785
378021.0547776633757167
668568.1171334568643942
541972.8941383288474753
11774.0986985999988974
422086.4809598597348668
643106.4951487755170092
831968.4631794528104365
1232794.3820326831191778
25816.7220641399981105
935926.1435698086861521
848840.4382057562470436
25797.4900086099987675
990438.8715802449733019
825111.0205766817089170
208859.4309687813802157
37542.7639809384054388
691046.3094000796554610
907805.6083203381858766
1137353.7960908396635205
381857.9291031168540940
709534.8806985247647390
185266.6773350909061264
593971.8431295858463272
293229.3990982234245166
473536.0386109553510323
158508.9004262955859303
240215.5401993753912393
702977.7302927712444216
1005272.0648678307188675
1039390.1107387684751302
1226995.1848286404274404
617467.7569669727236032
1226029.4631699775345623
163177.6931651452032384
264602.4370664732414298
1287827.7225710216443986
1185529.7936063758097589
1106437.2475639812182635
450594.7238743149791844
160697.4409014119300991
662283.7439020440215245
180430.5439164988056291
399756.8242269394104369
632499.8697694627335295
1068104.0398953408002853
509636.0269262567162514
332878.2242115890257992
238878.4296167205320671
965052.6471973516745493
219239.0676094039808959
328978.3883894784376025
62836.7961129494069610
852593.5497183202533051
352791.0831798969884403
88694.3748304449836724
167473.3863888435589615
1304219.3191675136331469
63616.4222406192784547
254588.9971764218062162
819196.0213087054435164
137415.8729989303683396
415171.6074214148684405
1154220.6296857588458806
887251.7559726859908551
852215.0830926952185109
948494.7851537965470925
229158.1599238067283295
864565.8268374132458121
340346.7670759417815134
168966.1410228206950705
321341.1857718234532513
212620.5660090000601485
254972.9256891499098856
544661.5908916782354936
1150761.2601887008640915
718975.4373629821930081
228117.6376229046436492
126129.2795388709928375
55901.4773593940044520
521485.4412013766122982
258079.1180200631788466
34182.5309388280002167
575665.2110172561369836
981698.3039417524123564
997453.7406983958790079
702546.7773974379524589
655321.5602503347909078
204606.2378664849966299
1253468.0145187105517834
826900.4755914352135733
136806.0081803751236293
418278.3646104875369929
249303.8272938758309465
953849.0726953959092498
889946.3503625603625551
4500.7333832900003472
719247.8722781823016703
347767.5903724011150189
96374.9757656401052373
1277534.3158524723257869
411413.7433448861702345
1007777.7971214934950694
959854.9095030764583498
230324.4154105245834216
831288.4303143684519455
1277357.1784606350120157
791387.6187388179823756
1218452.8005252347793430
548280.1750494694570079
265921.3834636709652841
1166992.8668857773300260
208584.5317076356441248
341446.7900816322071478
66915.0114811150415335
532244.6938375572208315
104938.3833729030156974
280379.1937886700034142
363266.7974244848010130
153607.2933440579799935
1243065.9315925564151257
954455.7492807438829914
835000.4159547620220110
962050.0904922673944384
1193416.1167316606733948
551733.7251747187692672
259138.7459803761448711
180592.2363744789909106
1149644.6034544594585896
1031611.3153839954175055
1087654.5493527941871434
980123.8120032501174137
1207922.9470679038204253
86798.7792754949914524
782358.1770587189821526
303032.4370172382914461
668348.6109411311335862
609075.2456962165888399
307578.9596468226518482
1154129.4711513326037675
653964.8647808932000771
164965.9454362909891643
1118627.8355627367272973
109553.5129261461406713
407460.1996108563034795
1084570.2265810356475413
870778.6810153999831527
19618.1388619309982460
498960.6585864353110082
323767.0170155442319810
492441.8811332088662311
794270.9221620482858270
760298.9656025773147121
553517.9995430195704103
1212425.6285339370369911
423204.8646803137962706
660439.5989576139254496
607985.7459743079962209
131680.1393260909826495
84833.3177896580891684
171314.3250944432511460
490951.6407560146180913
711803.9150998016120866
404496.3271165241603740
1083236.3698999544139951
1083333.4043173920363188
506274.4996633239206858
623626.3537885611876845
782660.0685257574077696
256274.1553321039828006
1017960.7291303599486127
211920.6513747250137385
513019.1942679462372325
883438.3328897239407524
773203.4245032663457096
1003659.2481122871395200
403237.9727655310998671
184385.5528067060222384
7153.6206401599993114
841433.9266062611714005
435653.0282458289875649
298685.6965358464512974
458561.3784678949159570
1012859.9481845466652885
205378.2050803006277420
1255463.8915352115873247
188812.4840246306266636
621597.5752244733739644
352790.8420437744352967
840697.8861774069955572
379837.9765761269954965
911967.8071789036039263
1229054.7580128118861467
752484.6222969352966174
1192917.2673667799681425
369730.1824835605220869
328484.4327265866450034
768239.5487756931688637
42184.9839457760026562
1004497.3306664249394089
127147.6952208484290168
419436.3662816602154635
1128612.2294377519283444
433932.9281478315824643
987850.8477969772648066
841213.2489993586204946
196071.1693965466693044
1306325.8523807486053556
260440.4498576160403900
327813.5100603665341623
678905.4209794230991974
965640.7295839054277167
897629.9617199432104826
923338.9294573786901310
164403.9267065232270397
1084916.0309436277020723
432065.6817669917363673
334697.9558122213347815
1231805.0675808663945645
502416.2422083002747968
925833.3063257108442485
719803.5276764942100272
273239.4567250128020532
517606.8468574669095688
853002.5399965448305011
1167713.2800267667043954
283648.3978225622558966
762155.5279365775641054
137501.9357258284289856
216479.1389341290050652
959605.3934908870141953
1133123.4411911531351507
633597.6730248064268380
729938.8235594542929903
1002186.7104275529272854
632384.2493436184013262
874698.1626544423634186
778905.2668618854368106
72766.1217554440081585
5848.2750294799998301
80646.2499080514826346
722635.6470337120117620
1204573.9927037558518350
1261803.7907524050679058
933764.2949157068505883
666483.0124683827161789
462633.2803523942129686
813253.7181854633381590
1205356.7989052971825004
805378.9565620286157355
834038.3017345550470054
255849.3643615994369611
1175284.0728680707979947
746424.5920475338352844
365047.3524144374532625
514655.7341785683529451
585856.1372020971029997
872792.2435274665476754
142917.0991006568656303
1156408.3010104417335242
354499.3603917959262617
5392.8841314599994803
1319648.1508091920986772
315747.7482064457144588
450373.5463258877862245
716019.0063637314597145
112830.5535963169968454
1243447.4820885297376662
1082530.3404892690014094
1015071.1820842633023858
166529.3813507134909742
487172.4180905292741954
352000.5188399821054190
926112.8359211597125977
947499.6389187382301316
262376.5275462309946306
1138233.5047026022803038
917490.7241386751411483
1286812.7610936558339745
743128.2678969419794157
763915.2992952601052821
542235.9268368550110608
1154630.4928636760450900
44104.0024683869996807
677019.0688544841250405
628812.9133817611727864
80885.0947634851181647
490110.0285567336832173
1064611.6000183501746505
981294.8172053077723831
125709.8545118660113076
979095.3369717968162149
796771.8028316879644990
1062821.1409329392481595
988200.3619774252874777
186184.3004655218974221
448805.7247392404824495
531036.2077863047597930
912053.8182416395284235
167133.3945015859790146
382236.7292186389677227
1154372.6411915961652994
796331.2348091823514551
946650.5118025860283524
1010269.0768121103756130
54368.3409179843947641
699621.8046988450223580
930618.0937370820902288
1242796.6432093363255262
169747.6087127852370031
797359.2003005498554558
1245687.6499896005261689
184871.6306320402072743
786024.3245561951771379
957194.1269864550558850
700621.3894596373429522
291942.7184912259690464
240753.2843373283976689
954521.5349808329483494
329940.5839321615640074
784497.7316552440170199
553064.7264085486531258
644061.5732381446287036
804307.6406462243758142
170808.3824846753268503
447546.8665145396953449
775956.8840251259971410
751450.0153830947820097
603943.8079712876351550
327506.6907030346337706
326324.2552503459155560
1190951.0398233772721142
537626.3496742141433060
918797.3360327198170125
515490.1737010590732098
1179241.0130501496605575
271828.8474103179760277
1182012.2218732656911016
1225394.4534137297887355
648031.9006042998516932
1225465.3520451961085200
322084.0994293183321133
216252.9123653513088357
871147.3010438932105899
1152892.1513292128220201
135135.4233660850441083
1080203.3109716023318470
1069604.6135511419270188
343217.7226725845248438
300504.0240536257624626
285763.9625822299858555
1093465.2541457363404334
388003.7775643359054811
169367.9314272996562067
627798.9144837765488774
751367.0513881226070225
601621.6116749737411737
526474.8181541993981227
150646.4025265835516620
952743.9222289011813700
76383.7269130879867589
230167.6311730260204058
74925.4286260242952267
585986.3115663715871051
482032.2219994803890586
359956.6768742661806755
860710.3694627706427127
1152847.5484155865851790
37492.1517261460030568
33527.7025779009854887
226149.9048974170000292
676740.8207214757567272
521251.9715902802417986
972015.9297984291333705
972045.5881561103742570
477080.8878201987245120
43350.7181669745987165
253702.5132373436354101
533571.8724094755016267
722501.7031635979656130
382583.6113035058951937
783059.2542884007561952
301736.0532336846226826
714251.0074553932063282
846943.1465517395408824
738014.3906997155863792
4593.1849822086005588
1024490.1142430108739063
446871.3446534296963364
581991.0369219263084233
606374.6272856309078634
19388.5824205070020980
361196.1911821972462349
1011253.6648151461267844
577265.9484095097286627
767847.2096286967862397
650431.7414139278698713
842878.4797820594394580
179349.6119023389474023
1077533.7207244771998376
502322.4806199293234386
299936.4412339960108511
720268.7119069892214611
531763.2149961550021544
726530.4641321132658049
319636.1107089035795070
984253.6114051159238443
1126411.7720655209850520
1039034.9198723299195990
258157.6230979038227815
916266.3121457594679669
1286924.5342334338929504
210233.5047524282708764
797523.8718548094620928
1104093.6733713583089411
158866.2670832184376195
25988.1579357259979588
899587.6938011442543939
202643.8952074852422811
423702.8631442711339332
152247.0282924261700828
579810.0071365300100297
128475.8756598375766771
1177338.5878045395947993
1175722.1059850389137864
403963.6632802329258993
149677.0637490937078837
277668.7250046241097152
186723.4708638171141502
14710.0551306849993125
1052090.4369281076360494
309638.7356730656465515
948978.2086845356971025
985104.4839276099810377
416452.2204273785464466
159102.9987702080106828
1077950.8121937890537083
301639.6842684277216904
573019.7107809956651181
182449.8219406965072267
281281.7563764563528821
479390.8964729621075094
866273.9023099039914086
910518.5517544694012031
1225766.0284862660337240
1236467.1588531092274934
33996.2024435599960270
98507.0617122870025923
1172028.2466909836512059
1107281.6585672528017312
1199627.7162005528807640
574205.6255556707037613
603531.3897791109047830
716533.9582611515652388
723969.0408898183377460
1163801.2123191342689097
797837.9295310305897146
581442.1617013970389962
582040.2594168792711571
6538.0394890260004104
64307.0014441548992181
190965.1441938060452230
1191486.4247880983166397
440559.8184643167769536
495772.1771631349693052
1166904.3951029786840081
237123.9238539474317804
1031557.0699362861923873
957395.5351092244964093
148415.4584685970330611
168061.0595602329703979
897340.5316703472053632
99753.5486329006089363
881620.3146820140536875
643189.3363130891229957
586754.0659217128995806
151076.4876493506017141
92745.1293026839848608
172800.7965004255529493
1189444.9505510348826647
524308.4157490775687620
95619.1561146728345193
268639.0377049387898296
250267.4252036576799583
956054.2318613283568993
239585.7495253382949159
1090673.3380265578161925
556851.1477438934380189
731594.3915797374211252
673390.2505699803587049
767336.4310497203841805
848531.2337902132421732
67525.7423876717075473
1247484.8264215826056898
819274.1823790188645944
631246.4646731226239353
1185964.4124979027546942
1177431.5850183358415961
1234686.8413301799446344
1322036.2844717202242464
1103991.7358761795330793
285508.2689162543974817
402518.6871269309194759
579622.4232219079276547
502428.2759184515452944
310489.5091457089292817
1300130.6874502149876207
392924.4730299549410120
473033.9025200475007296
809299.6038970984518528
881776.5052617535693571
449282.0022717816173099
286113.9702456454397179
651991.3957040247041732
352031.8558917590999044
285297.8827368789934553
27673.8241477250012395
805064.2563237996073440
342469.7328564914641902
661802.8784447794314474
842024.8284778679953888
1259759.5291291407775134
747129.4434522233204916
288801.9067408472765237
278318.2344275498180650
966694.3862932989140972
107576.3007715100102359
1189121.4286610879935324
349687.6482892144122161
214018.3431684602983296
1113945.2789100559893996
1002640.8966282781912014
1070623.3157507451251149
382728.7741520946146920
1114770.0531397634185851
357885.8128809279878624
161267.9943043839593884
654116.0266718057682738
522511.1732053571031429
580905.0477654078276828
1000813.0401508288923651
573424.8075747782131657
67051.2939308030181564
762299.9219025236088783
752655.5551414762157947
439691.3869422962306999
896150.3666698435554281
1194190.1634723138995469
1125874.5011367069091648
1154922.6412854222580791
409020.9757395749329589
319164.4323534974246286
722584.3769266601884738
3297.5655269899998530
1065795.0125314476899803
7449.7386786159995609
1098437.1443473831750453
83109.4612230444909073
629568.5058363962452859
958635.2860449465224519
1000097.2862744873855263
1169181.2492701960727572
768903.6530189042678103
1090947.9649059616494924
72969.1219017766125035
489663.8184379695449024
744630.6473966364283115
705172.1020682908128947
206559.7411521194735542
631584.0180312554584816
399160.9317271859617904
1007866.3870355024700984
602760.7193787123542279
1137918.4856201240327209
870208.0829040723619983
253714.3031291140068788
507462.9396077295532450
1189486.4816672762390226
218754.7175278032955248
336394.4832070420379750
467507.4613886338192970
1035087.5769716532668099
412946.6808110642014071
721539.8192154058488086
775806.4996374528855085
408181.9575622163247317
1023310.4669804495060816
844415.6560535392491147
519555.9366719750687480
4480.0766552830000364
1269582.0244804050307721
1046745.6805352984229103
962421.9617584423394874
372202.1375972686219029
608432.4641301627270877
27680.5048958485967887
495089.7118990626186132
1130264.8752838140353560
202477.7954130970174447
84222.4505317771981936
1112331.9787205129396170
1029026.8675429751165211
911199.5192617387510836
700599.8853123922599480
503395.5193936922005378
13962.9782991179999954
208630.4421034042316023
1111321.8891257890500128
1225170.1929662215989083
1112668.8212386856321245
1199737.7585625972133130
990941.8138412464177236
1201906.5255225177388638
144021.6130274538300000
374830.8273012452991679
995092.0756970470538363
137295.6823821768339258
696789.3752991487272084
858981.5481920046731830
1082355.0863465380389243
60549.5710837974911556
1117613.2153238335158676
342016.3746550885261968
732632.3060859210090712
277263.9392371994326822
453299.2891725359368138
208385.8246197700209450
887377.2741876805666834
1040500.2805132041685283
319749.9866975276963785
737791.3543704110197723
1051449.9898708276450634
487357.4616607778589241
27529.9293865529944014
260361.7975060681055766
382298.4231796883395873
811223.5192276424495503
1074698.9387851241044700
1183822.1152001263108104
1271627.0332555219065398
285965.8207990332739428
260453.6007589203654788
1054429.3217153602745384
1055101.0180083992891014
245483.1757647737395018
143167.1872867053607479
570714.2465828506974503
727426.0343828400364146
268347.4520412778947502
232816.0425731571740471
85649.8255170550110051
169991.8298350325494539
563231.0875032366020605
769592.8495350814191625
387251.3595800084294751
888933.7482566935941577
646669.7486743411282077
458792.4399703710805625
1129601.6462517930194736
976870.2342568194726482
83642.8062629529886181
902900.3131357015809044
952129.2714749313890934
1039869.0467818363104016
471242.4831616885494441
1127297.3448773997370154
577362.4152670208131894
588359.0083015190903097
143324.6362386519904248
770649.9670087323756889
303506.8218787295627408
1107396.7194181305821985
690812.1259597390890121
762682.0147802890278399
1313690.9029415377881378
1100809.9680651966482401
673253.6050654973369092
1183243.3914549096953124
695771.6829348963219672
39591.4383360220017494
1078469.1195717407390475
1219563.0404960396699607
130733.9101136539975414
615506.3081107364268973
596896.4910781799117103
362731.5899255658150651
948161.1873528646538034
158025.9494717984634917
336263.4779596995795146
47855.7820674180111382
889665.7580239811213687
261648.8789995783299673
67892.2520289379899623
172195.3527013446146157
790486.0923603049013764
860117.7977454415522516
1108203.7034059797879308
1039730.8499316828092560
790238.7779284609714523
77993.9665406060084933
421495.7243169839493930
1022266.9523998739896342
292655.8681153309298679
294116.9535064013907686
527724.6214015873847529
118094.0029066190036247
1236735.8195344258565456
723813.9965174875687808
248216.1971909183484968
1050413.1406204365193844
395915.3376467578345910
274287.3929605633020401
1019396.0877382176695392
252939.7254884972062428
902538.2328672641888261
94697.3759101279720198
529614.5025682479608804
664476.3472910850541666
172983.9480365080526099
1008836.5721941038500518
17336.7685956788991462
149425.6470910864300095
1225122.5869564011227340
1131866.6329117070417851
470729.5233372123911977
687654.8421911052428186
335374.6277842925628647
205885.5197520171350334
564131.9951552400598302
406977.6495003274176270
938003.4065680661005899
1030179.5865170096512884
997812.7983124691527337
1157416.8883398647885770
30946.7180466200006776
1128238.2029603640548885
1310104.6349575305357575
1205224.0057303325738758
1155384.7367130166385323
151623.1066631190769840
695107.6985940510639921
888880.2730626465054229
1212253.0156893511302769
977732.3739379888866097
803950.8551443212199956
215937.5625010444200598
417525.1965100115048699
1159427.4251087058801204
877287.5663872492732480
1044296.7830491889035329
415476.8238676810869947
482204.8822594836237840
279632.8459151766728610
142284.0366697692079470
954795.5443939650431275
864817.6441876664757729
428520.7575393306324258
526177.0147495039273053
116537.5355317800131161
368650.7505937031819485
481469.2526311015826650
597535.5700116478838027
188123.7038329557399265
1247400.8125985956285149
767601.1297744114417583
691814.1006247707409784
955032.7116428583394736
146952.6901454601029400
356895.2716953675844707
504850.5200269887573086
1106859.6740907104685903
1051286.4500175416469574
859991.3664289892185479
227253.1339787320757750
1022086.9850087160011753
974121.1325877696508542
217222.8318346248415764
125101.3294251550105400
1109564.8513205940835178
936486.5355055256513879
852046.4772558233235031
500771.9098057236988097
464361.4864916497026570
100278.4732902387477225
29417.4250396520001232
335510.0449301272165030
259612.3581053859088570
145881.5532756590400822
462330.7972179930075072
987197.1718113414244726
87970.0866560914146248
421692.1568327837740071
265317.3282543786335737
518425.3576814475236461
1242089.2565759709104896
998584.9636949853738770
1260650.7586561450734735
840064.9544034032151103
997908.0904686185531318
119753.2988880214106757
482575.3072104518068954
1280680.0501638695131987
260872.6651291206944734
1170408.2099691377952695
978646.7142666218569502
1179156.1999717615544796
235931.1423737030418124
893283.6840879442170262
799990.8524878488387913
400834.7601386920432560
946020.4923148023663089
304892.1572618044447154
459342.6978474381030537
990223.7900127368047833
282705.8067590001737699
492597.5128820553654805
691676.0152804595418274
570746.9160577398724854
1053090.8375878164079040
69286.4778777500032447
432288.6562066694605164
53881.5434711280104239
721773.3371759534347802
326207.9554830571869388
446175.1540975887328386
282798.7855479114805348
788227.4020527411485091
506889.5885619157925248
1138924.5852926014922559
402227.5198042984120548
1047908.7058580282609910
246030.2194348124612588
300757.1527517312788405
389602.8773142836871557
1012084.1381739713251591
152966.2701665285858326
430243.9294555218075402
363749.0120586151024327
449308.0759088408667594
1120137.8530887544620782
438625.1298701904597692
1006046.6130989803932607
676209.3594123177463189
415485.8953018236206844
744704.5606031946372241
360748.4377305411035195
1007439.1411502560367808
698180.3607448630500585
939583.7126975597348064
89700.7947670150751946
449802.8814372590859421
118453.4114976148557616
841266.7793322461657226
677428.8702794295968488
1238783.7943286634981632
375536.1471625454141758
413632.7385313845006749
33534.5570187010016525
1195192.4025007791351527
556170.4510720960097387
252407.4879480869858526
1211872.4765465331729501
265968.5052706554415636
702190.5313675270881504
1177855.8505709243472666
40370.6098061669981689
649543.7762770032277331
400484.8664834286319092
886549.4346302833873779
273857.5717194493627176
105586.9895111999940127
33382.6466347349996795
392272.3561050072312355
947124.1909408221254125
992753.1726982113905251
1251650.5393712706863880
267539.9123205028590746
65772.9519415000104345
448042.1258698666933924
1076320.2527634475845844
1043925.5867975763976574
868067.0072459990624338
899970.6045878238510340
673778.5583905343664810
76157.4021458756033098
270419.3399113769992255
711812.8850096103269607
1009402.0355997610604391
367313.2710232519311830
653437.3583745290525258
627561.4484584132442251
949087.4975831998744980
1020700.2750130814965814
742905.0937337309587747
1238386.6975977187976241
473748.1835948553052731
1194611.6473595264833421
153164.5987915986042935
840932.4768913765437901
200485.7567547354265116
106268.8946385140006896
560591.9114849426550791
1103958.7464208193123341
364698.2722653184318915
964365.6227191763464361
212858.4045698349364102
967468.1789242554223165
747971.0559734482085332
678383.8651545763714239
1186232.7931059636175632
61320.2926133319997462
432364.0198895274079405
1160684.9815251796972007
269568.3583079233649187
607090.4953916742233559
1180066.4750117280054837
1071004.1443144388031214
728810.8536355723626912
167621.1693941892590374
230951.4276158410939388
763678.5547193918609992
923177.2127330901566893
109761.7602680730196880
1069145.5329867620021105
127344.7043778840015875
59594.2287815140007297
20521.3499321680028515
1203574.4958502340596169
359299.8602172443061136
67038.8452297439944232
481265.2277611733297817
1081195.6718588054645807
514320.5861166900722310
907562.1896198272006586
15903.4715315459998237
952183.6492871721275151
281615.3990938680362888
1030093.9607556045521051
238155.5559982531121932
843247.9072590102441609
512042.8807904878631234
77093.4126458233222365
199108.7632235139608383
78816.3928452719992492
772386.7177458942169324
760617.0403966342564672
867711.1308686350239441
172413.6299508390657138
1335932.4162613358348608
905839.7681589140556753
575718.4432217736029997
494807.7402990200789645
512079.8398759051342495
103878.3435506289970363
1257615.6932024916168302
274840.6008976278244518
402757.6257820221944712
1146735.2326561561785638
1250887.6383687767665833
955112.4431673970539123
30792.4338758162048180
590921.4405165996868163
16997.5594438989974151
16327.5845189440005925
210726.8702529344591312
700994.7089034937089309
529264.8453582448419183
366875.1287885596393608
527858.0794016257859766
476159.9451715066679753
1238573.0754868839867413
373666.7377231577411294
1228364.1536714315880090
979723.4368400960229337
289342.3175027052056976
264811.4761449277866632
571392.0016761608421803
939045.0176477248314768
488688.8619692690554075
1139019.3417004849761724
1057172.1944386439863592
845100.4969364049611613
439736.0808347148122266
432185.8457031990983523
614647.5133004887029529
476929.5063656208221801
49712.3569340635949629
205426.2110774771717843
268316.3500217979308218
790621.4768343586474657
239786.3986184374371078
625134.1970609182026237
581268.5665201391093433
375911.7333255852572620
1144536.2534555627498776
792770.8167771843727678
1098651.5743217186536640
1022004.5717558771139011
540020.5428542154841125
72029.7645246935135219
1116280.0939071779139340
269229.5670782409142703
722041.6606950832065195
854034.7288049143971875
835249.5765974282985553
1061546.0371813275851309
754784.2161730997031555
1166403.3613018682226539
606841.2800103373592719
561040.0977872259682044
425188.4530648839427158
1111011.0440973294898868
693365.9322568319039419
981426.5991981980623677
392728.6537937279790640
110386.1704240612161811
672408.8254629231523722
1090290.8059908661525697
1179352.1196339479647577
297855.1723595280782320
1101438.7649603283498436
897416.9790668819332495
742497.0489059967221692
888492.8163168538594618
935672.1887032883241773
1217160.8776834502350539
159019.5564249520830344
417595.1982399642001837
247993.4998375471623149
60352.9624659651963157
287189.7749942244263366
785828.1785644206684083
1182017.7055102435406297
437260.6968793740961701
37494.4026212299941108
394243.7657471715938300
251812.0945405258389656
656591.7769950189394876
1091959.6431762427091599
680731.6869523220229894
1327157.7441506970208138
1049609.5375146686565131
261011.9316580395388883
207386.8656615648651496
940510.8785151166375726
1089621.4546113740652800
688316.3795050082262605
273715.1054710649186745
198034.7731701574812178
312009.4631337997270748
270399.4880735955084674
731566.3290487604681402
1060738.8453027484938502
479125.7522893825080246
626524.5497914641164243
150978.5806972990394570
94313.9585121582931606
120823.2952676753047854
89048.6134146432013949
349577.5389960562461056
466406.8131334773497656
1102816.3796923223417252
161956.0043710852332879
749679.0745821186574176
500186.6924253242323175
915018.7829028322594240
915065.2820811112178490
200105.0529386363050435
579833.2065254481276497
615800.9291034858906642
1184893.8340006573125720
134661.6625850837735925
724125.9173880254384130
198097.6188691686547827
18391.5130322194017936
1106242.5894693620502949
1023450.4512085787719116
477523.7338457035366446
9348.9847584800008917
381326.9807094159768894
1239725.0691767686512321
1142738.3716485090553761
253521.9270445487927645
123725.3451766020152718
1106714.0440321506466717
1106750.4059812289196998
998127.5827378747053444
1158409.7233677068725228
467122.4400983598898165
161820.6107046660326887
1245892.2324055000208318
6237.7820898949994444
919770.7676749697420746
1037818.3372721051564440
1289103.9068922689184546
932120.7026314513059333
185826.6617179610184394
812863.4748896780656651
1009408.5648545204894617
285961.7487230561091565
131991.0765194234845694
320420.1470017338870093
8744.5669232500004000
1115781.9871650533750653
226415.7569763864448760
235768.2797146985831205
1050888.9687451629433781
979093.3165506747318432
291676.8592073169420473
661304.9505049682920799
161673.5516186799213756
387760.7118881607311778
396966.4570395223563537
1056578.7698145399335772
1236373.0450354972854257
809677.9108701599761844
265777.5105821812176146
580728.1545395534485579
334496.2557154188398272
1052961.2056494082789868
1110756.7243396483827382
1066775.9020872896071523
807079.2708916580304503
590091.1751719970488921
832112.1259891500230879
1004555.0808669964317232
762706.5387134127086028
793516.3891866952180862
1293191.0629196821246296
386639.7934144776663743
704403.7618039923254400
1169749.2008939976803958
1183547.7073325293604285
342236.1833174169878475
1231791.9246269664727151
557677.3155777620850131
387330.8717850355315022
146352.5238464966532774
874578.4218562396708876
931826.5679730023257434
456697.2310668799909763
944107.0220161657780409
791767.8324908097274601
232334.8382287079293747
553610.6466297667939216
1304498.2195170046761632
596330.3287678797496483
368080.0763715933426283
1242411.4360262018162757
131287.8982839620148297
1175372.0279331791680306
364630.6752811429905705
1009907.3088592756539583
255846.0720815739186946
251051.7386899984267075
1261922.1858588336035609
1100226.7799379997886717
858166.5722357007907704
732667.8436809044796973
92205.5748328509798739
1088087.5394119801931083
224515.8436330009717494
517002.2218725667335093
122089.2001531811984023
1275366.5670320221688598
626957.0423247318249196
590492.2080716970376670
713092.8701736534712836
1096283.6758251122664660
349959.9589390121982433
422662.6314752604812384
120242.7862552760052495
1167848.0602495069615543
1183191.6510780761018395
44135.5134706089957035
177201.0756584090413526
549387.9338986007496715
1124016.6467809935566038
322144.7966890989919193
968381.4091037686448544
457720.7314706525648944
111518.8951997875265079
946232.2488442080793902
554821.5462609878741205
22377.7246615819967701
625672.1109056405257434
813012.4925851856824011
979868.0955827132565901
931876.1027159319492057
470382.6675181037862785
94924.0092549919936573
293317.9431256456882693
1176793.5770728816278279
195160.8600616240873933
1142281.1015278650447726
325691.9481580393621698
649990.8051791366888210
678148.0596899032825604
352565.8448389812256210
767122.6958845542976633
729034.9262837276328355
575972.9322131249355152
1017717.6866555910091847
830125.6510631182463840
1094643.1010499466210604
72658.9125263570167590
879382.0067349197342992
164509.8448085713316686
1095016.3708592730108649
220372.7452676598913968
496526.7882671247934923
1287074.4264759039506316
959167.1380007881671190
1101564.9578311627265066
1073019.6098872839938849
202528.2074592909775674
610070.3372570301871747
415619.1669641762273386
120498.7982009145925986
1040874.1026302016107365
1080373.4047158169560134
919820.6971668564947322
999242.7910285246325657
1249657.3590524569153786
860648.0597882721340284
661070.3319792068796232
242710.7458406289806589
242392.7258260571688879
1123448.6402524881996214
384241.4356898594996892
578133.6163107786560431
892565.0182129247114062
1206484.0847436927724630
1140530.4913022057153285
944699.8422181390924379
279752.3915036026155576
596670.0632940129144117
450717.0389869157806970
179922.0829105036100373
663254.4195418986491859
202976.2247287064674310
275834.5300945758935995
231203.4724769229651429
963382.5703037172788754
284086.7426764230476692
180432.7120825629681349
1002684.7806771302130073
826749.6152705335989594
32734.7603740859922254
710660.3720683219144121
87253.0313679534883704
637646.9840842725243419
1201561.1410506039392203
610432.6026411313796416
435810.1884608330437914
424864.1595540688140318
1065482.9388112765736878
582939.2267495795385912
245620.3460257787082810
155514.4147129833581857
937063.5557489211205393
343637.5775897481944412
161477.9306915379420388
192394.4105731111194473
414607.7953774441848509
194311.1107151009782683
1088922.4252375394571573
229494.2000418270472437
250788.7503880217554979
624363.0828434306895360
831142.5913561298511922
736112.5863021189579740
524810.1712732120649889
693653.9979640243109316
721350.0901246163994074
616168.1009924485115334
1069294.1751054413616657
1192806.8204407994635403
841116.3485971665941179
180057.7949936248187441
394487.3307257127598859
90787.1046132269984810
1031177.9500840550754219
1063899.2687733392231166
702167.7606832047458738
1276983.0365809053182602
1063356.5851158907171339
263230.2511673893895932
674994.9386917877709493
85735.4176977511961013
872058.8103157085133716
1130592.5156557238660753
139165.1975673582055606
1001412.2168791595613584
38598.7276197184037301
1267707.8500317099969834
564987.5254480399889871
384595.7699925490887836
207543.8997143252054229
932284.5652966137276962
1031410.6167931471718475
62331.5839198019020841
156047.3751773766125552
419994.7846088595688343
802231.5395232974551618
848769.4354816686827689
1181514.0915456314105541
354000.2244410161511041
411543.1372696169419214
1057716.2999289475847036
1238640.5653469485696405
393457.5727492190198973
815326.5470698111457750
916822.8740452843485400
899489.6533319631125778
1144039.4201993586029857
28544.6340902899974026
777180.6357172491261736
1208099.2251219213940203
829978.2727824361063540
695178.6702473475597799
1148311.5218063015490770
1062024.1189647635910660
70782.2390821599838091
1306148.4405668410472572
317282.6313362504588440
809235.4039472169242799
263614.9798314629006200
1213059.0537205280270427
605721.5473589845933020
1188601.0317771432455629
113792.7405959243915277
1077209.8900511946994811
82907.0706407346006017
958205.8953470147680491
1142557.5757216524798423
1153245.2498815658036619
58521.3160997459999635
659349.5069769786205143
958647.2370119703700766
638168.8450119547778741
425012.7479810630902648
218726.0888125199708156
233798.8650586910371203
1104666.2019190771970898
1323678.8228657946456224
619109.8729555442696437
412117.5051370099536143
983629.6516818647505715
994559.5398183971410617
588300.4275584151037037
369847.9589299282524735
251800.4131505472469144
1256596.0501927044242620
590404.3281001368304715
455530.4950877801165916
1056411.1136724632233381
202769.7821068236953579
1027439.9402617411687970
1271404.1763591149356216
404955.8861046649399213
9677.8090519200013659
836972.5772135797888041
739784.4478752625873312
549759.0595662132836878
143421.6900541635113768
1076001.0555221273098141
518966.5056854798458517
135331.4918596137140412
822150.8522788729751483
715076.1536543958354741
437862.1245298386784270
1182060.4595667684916407
1109057.6901146646123379
163849.9114232730062213
335563.4990814796183258
298688.3021013803663664
143816.6624954058206640
260502.2968919480335899
675574.4526972760213539
627201.6647170468932018
81622.9643910955928732
1042884.0735110193490982
1090351.6677291507367045
536413.9204661598196253
52861.3195962659956422
31565.3925484499959566
954634.0377343489089981
797534.2609129908960313
732320.8781262564007193
56238.5189303659935831
1320592.6716808623168617
503896.1458031497313641
786714.4688517956528813
713977.2397749762749299
55708.3288046249072067
424445.4519754332141019
329138.4607642517657951
1182716.9636565700639039
87167.8623417031049030
290694.5590114246006124
1016159.2788844283204526
950117.1704958025366068
1048046.6709377686493099
487165.1861292961984873
214212.8488546909939032
816065.7191559437196702
894746.4649864525999874
315580.3040987721760757
131493.7850850144750439
143344.2147317467024550
1081549.3985107589978725
867898.4599987262627110
715866.0039787014247850
988569.8722135272109881
44855.5629261429930921
348455.4137988688889891
280123.9783193001057953
725753.3757751191733405
169981.0219379216432571
42534.8658552600027178
1284348.6012059280183166
700168.1906545306555927
664827.1562153181293979
1064369.6164811814669520
1336391.9914572881534696
485274.0102456023450941
356386.0586773956310935
11164.9584999899998365
15754.8931960299996717
261290.2377177239395678
1297838.9513521832413971
546981.2443632526556030
764609.8408266351325437
995671.3228191403904930
193403.5133465009566862
1066300.9497303692623973
138653.0434367559792008
211305.7720751290034968
1021609.9530592458322644
969122.0639387539122254
107559.7004429200460436
891340.2949219723232090
913871.4900403924984857
1052738.9451975496485829
758218.0577535390621051
1002382.4268900005845353
831965.9983285744674504
388230.0889544011442922
48288.3317404699992039
60240.7395833329064772
919530.7892481519374996
300663.1956301881000400
1245131.1106921264436096
644459.1848469163523987
341468.4281924422248267
302294.8099685474880971
462642.2002103466656990
1057477.0523833169136196
998447.1052339338930324
131802.6844888269843068
996645.0272985474439338
1115186.3654177284333855
57682.1414402449954650
635193.6809759298339486
328321.3035430574673228
343831.1540085117449053
670108.4383990705246106
1106027.8560402691364288
583580.8366677524754778
45714.4939720890033641
639636.6851325043244287
372379.2034661759971641
325129.9964770609512925
1202429.1857791410293430
633410.6662386279786006
1148214.6562652420252562
306137.0797151702572592
993397.9825159931788221
526837.6378597335424274
1162426.3179701878689229
253640.9278217585233506
234486.6183622070529964
358484.7397929688449949
1255537.3053471171297133
1109523.0402493113651872
135123.6796464571962133
268400.3146386921289377
20661.5861527099987143
1213510.5396745298057795
266954.0367536487756297
1159609.1787563939578831
133263.3774302634119522
685563.9231692219618708
490289.6501720009255223
659770.9616930793272331
847853.1188185914652422
643543.8097005175659433
1210662.0023210486397147
1001364.9554650076897815
347878.1489820918650366
1020295.1335148537764326
247910.7551525383023545
823703.7783802067860961
516080.7946546420571394
361574.3628791406517848
730858.3167940150015056
199673.9801121239142958
1220932.9617222151719034
96191.4045447250100551
786742.9343016751809046
21000.7795758300017042
469231.2984436795231886
1173565.6067056381143630
822492.3391251796856523
573657.0784928551875055
109746.0092750836047344
841838.1917479229159653
224117.1617004980798811
1186721.1622505469713360
1229927.8735599075444043
996267.6343536123167723
241181.8020655046275351
309574.0288012652890757
264933.1966994915273972
524043.6043546230648644
1292796.8760706535540521
207897.8916424111230299
353748.7069518741336651
1333266.4559640088118613
984265.1938295586733148
460374.1288345739012584
435702.2012545050238259
1080863.8320516739040613
312954.3158814274356700
1237347.9387173054274172
1037676.4159215603722259
1241839.9856064917985350
1160784.7185039133764803
816933.6216779233654961
673767.5734949222533032
1275546.5372471676673740
687701.3221405011136085
25249.4885567650017038
17228.0627915099976235
487025.0130867940606549
915334.0808342584641650
1019080.6966493485961109
762976.5958591097733006
323476.7424812242388725
408163.3759587070089765
181594.9168664130265824
4892.1935497099993881
272607.4087178898626007
232223.5027888787153643
757237.5269635930890217
626604.2357666749740019
904304.1918756441446021
227179.8068980077514425
624709.4078509586397558
1400564.7427008263766766
830676.8828371858689934
1113352.8765453330706805
1228248.5559024070389569
948175.9439297856297344
963494.1296787090832368
638216.6753543290542439
969901.7184714957838878
152032.0869769449927844
619061.0540827966760844
144215.0172037303855177
377042.5504598446423188
400312.0502681807265617
897889.1987896849168465
395162.6551225529401563
988419.1600454003782943
779896.5128879575058818
419453.5966950025176629
1044961.7896855077706277
635215.1425383468158543
571434.4173140695784241
1215136.4439217292238027
449391.8069002717966214
687355.8156939637847245
387895.3957687545334920
1182001.6895433084573597
508826.7854796283063479
316589.3105485235573724
1265787.2593716064002365
1247079.1889223288744688
745748.3652373224031180
226008.2931410293094814
349551.8610533825703897
629743.3841429876629263
49037.9571771099945181
656162.0856072522001341
1029831.6835185709642246
73236.0091882432898274
637902.0619766872841865
68708.8299416914087487
85819.5840618800139055
82569.0619957766175503
1074903.9550381628796458
1242976.5313131953589618
1068246.3685920468997210
1054035.9517952476162463
360687.6724796064081602
656786.2609593543456867
18557.1282609179979772
1110732.7317415990401059
53589.6785632265964523
842079.2727122746873647
197968.5824903555912897
146081.9439334754424635
613462.5066048098960891
240203.0487772193446290
1239734.2772715545725077
1016826.3191973862703890
419186.2990626360406168
454530.4021401378558949
325098.2438129716319963
837697.9793917621718720
355029.8571320039336570
1129130.4146209799218923
428499.0566367171704769
601446.1722645674599335
715924.4040727559477091
1079629.3221997555810958
1224726.0376882655546069
1235608.4960059737786651
1100803.2587704949546605
23789.8151839409983950
419000.5369512414326891
530459.5250990344211459
204965.1001553008391056
61717.9119044410035713
1079036.0237126690335572
911810.9732912086183205
977172.0858110395492986
734005.0089223886607215
511913.5041571279289201
73114.8979896121018101
245906.0103230534878094
548758.2593949205474928
552140.6342624283861369
920686.3395534339360893
789541.6189264914719388
593338.4829516850877553
700339.5580676932586357
1321796.0030603108461946
1027125.7151546345558017
1164307.0281246313825250
1253034.1584678373765200
683010.7003212603740394
204266.0339603932225145
907737.1624621293740347
1229108.1814687349833548
1142104.5414672677870840
698778.5843086736276746
1233694.8505316786468029
57628.2469343639968429
907269.2655443991534412
606147.8296081841690466
1278809.0148115204647183
980652.1708916003117338
183255.8065300240705255
1140181.9495495918672532
481238.9551766771473922
285544.6805320414132439
162103.0785566649574321
673242.9539521314436570
640532.5905932832974941
358631.0117840587045066
1246225.7251722980290651
1056236.2158694316167384
774969.6241689879680052
693726.7043284232495353
1020029.7037728737341240
201254.0656830432126299
442220.7434458597563207
1131792.6607260573655367
381257.7582144800107926
205020.0705582465161569
734828.6868886006996036
1077465.6311536205466837
1080337.8251306372694671
527710.4495228779269382
1115544.4500100268051028
758894.2809053688542917
443681.0244897531811148
1133477.7654688220936805
388353.3200130212353542
833190.1300394883146510
752806.6046521347016096
158771.2668056699330918
499965.1790111627778970
1083058.8780221331398934
555068.4985364989843220
1041289.5480461729457602
542586.1047411585459486
386750.2301513703423552
644569.8378479140810668
160593.1907017022604123
800740.5972685902379453
954148.1712083335733041
1283101.2717856199014932
1049245.4363431013189256
845732.0357852221932262
259881.7137908869190142
708011.9236848490545526
724994.8525525620207191
966675.9757396269124001
726333.5080922091146931
366143.5102198836975731
1192227.2720186307560652
1096355.5601721815764904
1067825.1419134910684079
1094129.2491913244593889
757108.1445675075519830
587028.2194574207533151
259102.7011603456921875
306178.4348258667159826
690147.9167038400191814
62914.2892158106042189
718154.7993399440310895
452740.5769103398779407
1159758.5003583256620914
1010943.2739726799773052
385982.2337164437049069
1094290.9099575604777783
144057.9045088195707649
1231880.7026400882750750
1254637.4860878146719187
634299.6509332760469988
1035006.9913184819743037
448770.2879660355392843
134711.8260514954454266
689802.4185520998435095
586292.8107698196545243
1034141.1075271617155522
1118348.8813969637267292
567943.6760228580096737
957602.3572451716754586
34495.9661999711970566
251701.6760777410527226
212328.5691421372175682
343952.3676678655319847
1004127.9221102406736463
1217255.2029638036619872
697379.1213817630195990
1140661.2354129131417722
1025586.0612878699321300
151774.0738401609705761
1107117.0323114553466439
50522.7461168590016314
478649.2782409526407719
193398.3028846927918494
370283.8341940048267134
1262864.3495480781421065
1411446.2945161403622478
1136772.5074763577431440
959340.0459493577945977
1193341.7602635489311069
1069491.3757992705795914
1247314.3311331411823630
23326.4758083339984296
1107534.4045961147639900
169367.3993252039654180
979833.3539920857874677
997410.5559673537500203
1136861.6299491184763610
947969.7495565675199032
678197.0586950540309772
674701.9349341563647613
842171.6568095068214461
743630.6117474944330752
1182438.3560382260475308
1019366.3273176958318800
956180.6633185554528609
921899.2299403963843361
206615.2314235990634188
789132.0806422368623316
498144.7069287718040869
664930.5133173968642950
1101781.3063537410926074
77362.1666577739961213
208358.2727047174703330
102958.9724926775961649
668443.9988080738112330
717232.7711858667898923
949455.0742111296858639
544703.9152758531272411
936850.4387930299853906
245228.6064325430197641
1109786.5167744697537273
1110970.3312552236020565
15637.8580764799989993
436238.5545897521660663
996212.9800050477497280
253658.0933000824588817
428925.8890959977870807
886784.1185720864450559
1246242.2020950214937329
1248812.6307189296931028
709635.8076068493537605
1041380.9876273560803384
112454.8382425240124576
1146182.0653983349911869
204157.8307479407521896
973641.3041668769437820
572168.9552064466988668
529644.7569225599290803
1191176.2242979011498392
495660.7912680080626160
1244962.3950045271776617
1270816.4276839951053262
432565.8923168695764616
668474.0473985403077677
1238586.8714025092776865
748320.3557113539427519
702072.8169761718017980
226760.1139045640302356
197051.1304918575042393
983293.5391632700338960
1003225.7761601415695623
276238.8926390971173532
838560.3756475975969806
720324.4438589024357498
586378.4330010357080027
366665.3858325066976249
634326.4945388822816312
196645.6414182836015243
516434.4004853836959228
1127181.9420679428149015
211097.6271988521330059
316797.8338425675756298
408020.9349623115267605
159285.5557979265577160
797896.6052275190595537
1336185.4352497777435929
895637.8873308104230091
378528.9315392736461945
729459.4143322217278183
412502.0389621935319155
610287.0436144472332671
1263325.5358641243074089
1169961.0699610882438719
627742.1049567670561373
854521.0432133227586746
801701.6422454492421821
874847.1854469079989940
1244919.2221162742935121
739432.0465272505534813
206273.2775852378981654
566602.0618650612886995
394173.3126417944440618
148270.0438069840020034
1161749.5030082527082413
765448.7227975542191416
723945.1447321586310863
593856.1411305213114247
436568.7636062675737776
519152.5866751395515166
1186212.5801260301377624
1044073.9472829645965248
1272143.0939015189651400
297333.1838071336387657
341486.6480930048855953
729859.4547996756155044
569991.6587382388534024
262086.1372503145539667
97049.8999384570051916
507590.7544931214069948
879005.8422816207166761
546046.7481867637252435
665975.6785574939567596
410824.0051274470170029
813395.1869609295390546
958796.3511926347855479
600834.7777183797443286
700761.3910697737010196
41907.0011802989974967
1092765.6095877923071384
1022019.0627933299401775
1211147.4073081249371171
699536.1762340359855443
687250.1691419491544366
291753.7288488204358146
592509.7216508311685175
557953.4222296535735950
776480.5099831065163016
816952.1221037098439410
422706.3220155623857863
592467.2354052063310519
369721.8824233109480701
13793.5828633100009029
13128.5693532799996319
924952.9336765040643513
1168701.3066736019682139
367402.5645745408255607
71353.1296138383913785
1153074.9707485986873507
577575.5285249839071184
541714.2512254350585863
1203333.0731257090810686
1144624.9152757779229432
372916.4898920867126435
406802.9707633394864388
447120.0787103984621353
386595.0607128171832301
302391.1591493680025451
15961.3603522000012163
1225903.5520509933121502
907365.8795759119093418
1051232.1926436638459563
1130002.7016698471270502
649170.5546989754075184
390473.0069108226452954
681378.5476414769655094
597862.0378471863223240
971729.8818032292183489
1071236.3119128891266882
909358.2221053427783772
750674.7279017434921116
935340.5517930452479050
78056.7608389009983512
1131809.6639531520195305
397623.2749501623911783
1287395.6192088695243001
522345.9528369711479172
72389.3675909000157844
984970.9916696902364492
671728.9465119005180895
166301.9712435990222730
394967.2082363659865223
27689.4662909659964498
268712.5528665588935837
1145321.9849148674402386
596126.9885560034308583
1049418.2087266028393060
140499.4173532532004174
889139.7298537894384935
1230903.1113883880898356
63920.8614750580163673
578409.4140700169373304
231138.1892106414306909
1245422.0596882796380669
728662.3569808425381780
270504.6874143644236028
494172.1137557264300995
819351.1802923897048458
668986.8567223006393760
125999.5674931380199268
660746.1471526287496090
200497.6040456019982230
1187272.6782003031112254
173.6062886119999860
20698.3660655805942952
311162.3106730541330762
129711.6768808070482919
328739.7894347427645698
864212.7603090215707198
1110565.6081381752155721
822461.2193833328783512
393887.7479999559000134
918669.8906006355537102
1110922.6040256733540446
988831.1982577180024236
1254172.8774991654790938
14097.5257573841008707
635407.3749165004119277
867431.6592697760788724
344434.7514444373082370
1116947.7033210212830454
903820.1741353103425354
200466.7115608495078050
390542.2680071619106457
258406.8011064579768572
753705.0094048780156299
868272.2947866895701736
547459.7531953922007233
586598.8287583300843835
440075.6750487479148433
404868.7087435475550592
440354.7549735266366042
869258.7699345606379211
517761.1766453211894259
223748.4777208474988583
182600.0510124046122655
501873.1323176673613489
420660.8078320181812160
239100.0706350414839108
15375.6346178079002129
712667.8433543785940856
432419.4072878337465227
331556.8496190603473224
478557.3275535193970427
93729.0948981379915494
418925.2982929000863805
8991.4201368800004275
288409.0705224879784510
956658.9630512468283996
914004.0006469873478636
221020.2103196421230678
754890.1140544818481430
525180.9973142854869366
861425.3038343046791852
863582.5407988915685564
1273422.8249859400093555
986969.9206005450105295
564889.5143722455250099
966962.3954935778165236
693657.3099429000867531
672662.4682154993060976
706844.2781021216651425
997793.2346687748795375
1222628.3343246155418456
636567.5743795930175111
863373.6872370879864320
696103.3115292108850554
884075.0708029812667519
723759.6582573029445484
1325243.2304367434699088
64414.6447451160056517
738734.3679160764440894
944506.5850887675769627
169176.9720657255384140
122531.8001722543849610
335464.2370728946407326
965259.7322125169448555
1178474.1507393529172987
744710.5530992603162304
692821.0914118929067627
677342.6318291046191007
269574.6505856998846866
196709.4172556267876644
298600.2943622589227743
571205.6961747949244455
183063.1613432337180711
1012127.2927612295607105
498956.0691073507769033
989573.6997356348438188
1247009.4431326105259359
1131021.2414223051164299
246048.1378409895696677
303264.4458208979340270
521536.3066217819578014
54346.9009072433982510
1127246.9309709572698921
323260.5511994728585705
1259821.3782102405093610
935979.0237872741417959
1163639.6480474192649126
176790.1955797191767488
841446.8006165232509375
194087.4785351683676708
409526.5932485190569423
616094.7720505776815116
470232.8150893053971231
876822.6151711100246757
898748.9544484220677987
1173171.7941328694578260
32666.5003871079970850
375411.9258485249010846
81606.3988061573909363
887991.2646707175299525
991858.6699662640457973
880021.0202502192696556
400220.1712229591212235
922666.4995606307638809
1087175.7178742976393551
100504.8162041265168227
1141513.7242566901259124
276513.1080920011736453
976816.5475301475962624
21624.1051670209999429
292424.0727560059749521
400209.9114676844910719
775278.2168725568335503
221205.3321797600074206
196203.0402132274175528
1243344.1165867510717362
341150.3090475015342236
452861.1099211652763188
381406.9801284613786265
973011.7266133546363562
458842.1198794394731522
1257216.8828268225770444
1013842.4008955080062151
375113.9230811138986610
304982.7036513428320177
1284758.0817712873686105
497831.1595504083670676
764005.5918896815273911
240488.5027891233912669
596657.0669391328701749
1284481.4095873800106347
591669.8872862310381606
1102925.9731776353437454
510850.6962220853893086
538363.2520431770244613
1256220.7816487846430391
97020.4052221715828637
389287.5395610725390725
732644.3229445621836931
235003.9803245534130838
1485.7653154000001905
803281.2160115491133183
225098.7875631949573290
1063.3333058199998504
1253358.3427110305055976
301644.8679350251331925
924252.0632100857328624
946521.0021273095626384
1109636.7780909819994122
478438.0762412861222401
737884.0644313982920721
770829.9979107551043853
452308.2097216593101621
242903.0568217629916035
1048797.5640420515555888
883935.2531011210521683
1124038.6740575500298291
821732.7283019059104845
342186.0115389034617692
699840.2592432862147689
488445.0402533358428627
622586.3883590205805376
46630.2737724419930601
700357.6326640752376989
66741.4326853659877088
945799.7251706096576527
767076.2090225067222491
186537.5241264578653499
140331.4838627337012440
813486.3513530471827835
1168190.3143783260602504
98409.6019298460159916
74038.3322887520043878
862678.7601954343263060
817418.7889491107780486
1387922.2511024500709027
544357.0099225763697177
240945.9159855876059737
1072789.8815948427654803
1036191.1692367164650932
427650.3288727594772354
337038.9914779877290130
757279.4849572143284604
335417.4537696789484471
262253.7151912704575807
1048263.8364651119336486
1195815.0431691112462431
1054132.9799604264553636
1259300.4102423714939505
717382.4049195450497791
1233692.6021313285455108
749923.6391847083577886
184223.8994413490290754
1011601.3934683646075428
910481.8390649729408324
66713.6280902829894330
1134495.5772844352759421
110941.7332265790028032
452337.3046291924547404
686047.1301198651781306
25864.1096982282069803
690906.3721425991971046
662441.0741655762540177
911442.0361397764645517
1067325.9014173431787640
1071567.0788259576074779
890267.0064303035615012
562137.7559595959028229
798758.7860859450884163
659168.2547660416457802
576452.7851082145934924
1108840.4062732949387282
811459.6030700842384249
1094288.3480784946586937
588350.4629748980514705
925151.3571506629232317
411240.1862855667714030
174557.8439699644804932
1135353.9973852690309286
665598.1499497389886528
466222.0388381238444708
1011520.7968301774235442
715132.3375559167470783
1014415.0611545870779082
828479.3334723669104278
137505.3814328517764807
872198.0550299865426496
484502.4629238794441335
379438.6892577657126822
1242953.4811244893353432
82766.8067543507931987
642548.3586624637246132
1103840.7447703327052295
722197.2834692049073055
766039.3020731973228976
835660.5837631819304079
975656.2231557061895728
974458.5362452693516389
905327.0813584309071302
1144314.5957581354305148
755787.1707518451148644
688457.0329276451375335
226430.2747910065227188
982086.7810428015654907
1088192.7755522597581148
1185344.4932142393663526
974863.5685344047378749
328553.5012834468507208
315863.9218860765686259
258848.7798294306267053
1174666.4790371425915509
854984.7905611610040069
496361.4668351303553209
104890.0372231778746936
361705.2834260920644738
1062434.5982033137697726
264124.0009473269456066
93371.5993063654022990
1121144.1044984944164753
459946.4197610833216459
238168.0076006560702808
1135992.9218619402963668
1017636.1929303973447531
1258666.8945446889847517
707773.2326965697575361
1247630.7163099423050880
246857.7594037422677502
1167812.1770529407076538
1250894.3757380004972219
429995.2371977717848495
745481.1618369607022032
258551.7417665248503909
412843.4340713791898452
171388.5024708877608646
1333502.2408296519424766
599617.7092600013129413
635948.6136351857567206
257567.6512187539774459
624797.2176919619087130
1133815.8139738321769983
1045389.7935098300222307
742386.8487269877223298
1021794.3520682478556409
212277.7293727514042985
549633.4020231156609952
65897.0657558519887971
248942.0384389545361046
1230965.3945760219357908
669574.6046689406502992
201244.9721331277687568
872164.2805760372430086
1254064.0456800945103168
50663.2238335920119425
874695.3262244948418811
788021.4325046067824587
349543.8103560658637434
344705.8582627063733526
332025.4506792574538849
436773.7122054857318290
408252.2719903426477686
608423.5469066952355206
626862.6315585812553763
665559.6954730211291462
843140.6015204080613330
704440.4801336874952540
1022472.0940594008425251
913422.4474266112083569
82716.5815110531839309
341480.5178715865476988
1165756.4043404008261859
719533.9673293557716534
770008.0660348513629287
642871.5414278229000047
1366266.3528162934817374
1169814.8086455599404871
1231263.6724970960058272
614327.6401610304601490
1273879.1962383913341910
425206.3917920266976580
662171.4088598898379132
18908.0202716950007016
457645.2265297710546292
1242253.8430779965128750
329762.8005373361520469
1102090.2977155300322920
332331.8890108331106603
1183275.1965879625640810
58785.8031184840001515
112379.9277796306123491
433916.9838106298702769
437881.0135704419226386
393939.4995036497130059
1176090.0166232623159885
941206.7122837583301589
986151.3443345444975421
731941.0961343451635912
502914.5622224016115069
841569.6878035201225430
174722.0292886539828032
435730.8759671836742200
879046.9963718682993203
1123198.5841451766900718
991468.4678422805154696
62977.9644787599972915
148608.7475226378010120
1208402.2698728020768613
1003068.1193908551940694
590149.3187254895456135
1068752.7994394488632679
1267517.8120524559635669
696091.6658883128548041
909950.2650096387369558
792697.5781780795659870
877046.1413312891963869
415723.6572380980942398
715724.6921878205612302
598224.5408684731228277
355006.9424385525053367
1156272.4403794109821320
1188504.0065410644747317
1236531.2210328564979136
743152.7656806593295187
540815.7653286313870922
58153.8732168962815194
757399.2119715501321480
860785.8382917222334072
764895.4726047581061721
558189.2721633906476200
937337.2890096144983545
922456.5412432925077155
503443.1863245698623359
473547.7225291975773871
690169.9059351836331189
927566.3605508161708713
523695.7457437454722822
1203641.8957704899366945
243646.9481792632723227
181762.6831634929403663
608818.8363233702257276
1099261.8005175134167075
623705.3380984630202875
533180.8931017367867753
444250.2195899077923968
404736.1781175474752672
1248581.6382718379609287
1023140.8345602967310697
298613.7565054524457082
278082.8605040049296804
53206.2456707516976167
1202354.4946520321536809
1211114.1329853346105665
1218860.1420150003395975
71820.0875844682886964
1166035.3221363467164338
1145235.2192296830471605
977941.6072954018600285
1218539.6351698639336973
642080.5056980806402862
733420.5257397933164611
63742.1876189719914692
21020.7965674396000395
142677.2885104242595844
675639.9982976965839043
985140.2484468444017693
783434.5414084708318114
399743.5824709548032843
839498.5925949243828654
1303947.9277326148003340
1235534.2228246813174337
1221114.9672924089245498
605581.0402869206154719
463523.6821351569960825
471187.3496212760801427
1242944.1985764917917550
664774.1796126785920933
1015776.0398849518969655
635025.3074893270386383
139250.4642454848508351
230902.6274801888212096
153431.5012291398306843
1181223.6942803193815053
984061.9944399313535541
461264.6592149564530700
761087.1410023007774726
1025821.8650242140283808
369853.3589050592272542
995200.4198157768696547
531474.0332326655043289
258531.0420498578459956
1063171.7622348337899894
756034.4853834423702210
1339203.1661934764124453
368847.9339683097205125
916124.2369825412752107
636915.4463715263409540
713788.5772415383253247
965547.1500249594682828
219359.1208539473591372
286480.8581901590805501
680535.2999608215177432
293845.7429896489484236
16992.7932113706010568
563763.9044809228507802
1047498.9325286042876542
713601.1663799067027867
287045.2580882988404483
598877.0017820046050474
568721.9922176442341879
163323.8849235790257808
613805.6176122996257618
116248.1011301790131256
360554.9775368997361511
1139860.5620659370906651
319162.4774341961019672
320758.9456507791765034
492129.2254655883880332
779172.4584130180301145
382258.9698749502422288
957812.2812795288627967
108119.5338987319264561
1015510.3697200410533696
97122.2486031013104366
1299833.6702643223106861
223251.7334606614604127
1144073.3545312408823520
628211.0958898424869403
1101116.8903861886356026
355255.1883158984128386
38830.4030377399976715
843240.1138667974155396
509821.5389846367179416
37757.5268038089998299
583636.4190674900310114
458713.5371527055394836
561583.5370788705768064
332342.7424033277784474
884906.6581215538317338
865913.5434675574069843
500976.1764567983336747
408256.1904073886107653
556808.2483235816471279
1054889.6423215342219919
932362.1444127076538280
1068004.5511771531309932
1112532.9273774991743267
236733.1211739197606221
421893.7669646498397924
207001.1455431460635737
1014439.3136634832480922
993340.1902544893091545
445757.4206929414067417
124024.5192978459090227
311606.4213651236495934
930523.6826493999687955
824681.5641330888029188
241189.2705427822656929
131512.8352666189894080
971665.1194215831346810
251379.6555598777777050
616726.6100775946397334
1183875.0765028311870992
1245274.6150508983992040
1187949.0899447384290397
1356308.9369736588560045
900998.5342046588193625
974452.4603804843500257
822465.9056131948018447
1134264.4811140478122979
889428.5685013268375769
420413.6041449600597844
251990.2054466373519972
1086608.3423797280993313
126654.7419344170048134
285614.6321683780406602
423543.3621224389062263
1099279.2676679007709026
488829.6227244012989104
885211.5001945900730789
847204.1104905835818499
229776.3453879875014536
840848.8403809858718887
1229701.2586937556043267
777401.5576493511907756
88197.1061153680057032
226024.7886939843010623
1242164.2186619064304978
985713.8234415694605559
1131172.4009223219472915
668710.7996842623688281
914069.4135201792232692
1007564.3636605303036049
125629.7907007171743317
406706.3023123771417886
1011174.1327796254772693
591422.3716509062796831
305870.9302215978968889
917916.6824250645004213
748107.4827701004687697
174839.3610533159517217
702372.0840447780210525
149568.2367184050381184
1026389.6704042879864573
355508.4327555656782351
1129505.3728979893494397
1002008.0789681655587628
1122741.3038066599983722
1002565.5025579010834917
437756.6756644421839155
109778.4698699791915715
571696.7355368473799899
666407.8377759263385087
166562.6337178052053787
516357.5501177179394290
166457.1908971245284192
636555.9829617650248110
1108850.3339598570019007
269476.4934877229970880
684332.3441973074804991
553240.4904374019242823
937982.7140416961628944
298855.1054447057540528
594761.9473250673618168
277700.2063571456819773
410723.1623295608442277
441693.8158679092302918
1148447.6837050488684326
1322587.5839716680347919
700400.7285610635299236
303336.3677953545120545
282573.9549767238204367
839976.5359215399948880
1009440.1167379422113299
1248624.3939760839566588
203959.2679678589920513
497120.2591195858549327
194324.6671161433914676
912125.6279192336369306
512274.5469758610706776
939574.5968312592012808
1037558.6501608525868505
1015060.0964356053154916
196221.6423931965837255
134140.1241020753514022
955446.8536957425531000
823464.0743674190016463
940585.0053420121548697
118025.4666177610051818
1206104.1780882936436683
675936.0290477174567059
897441.6139982340391725
660692.0583625172730535
144136.3575663710362278
441575.6028758028987795
347732.8984992280602455
183907.3665906825917773
828960.8764368998818099
286858.9881462533958256
1258464.5347742757294327
399366.4315548950107768
1026133.5558204669505358
1227501.6757109856698662
1163021.9218578475993127
1049665.6914977112319320
1292074.6179612851701677
102091.5822279416606762
299639.5750431482447311
186720.3928170330764260
1010207.5109905165154487
76068.6968217079993337
1279906.4136624706443399
468290.3288877276354469
1190195.2755395630374551
1006177.2503035062691197
567108.9923754660412669
535039.7923163319937885
1013913.0902923223329708
336925.3581656578462571
759098.8476496519288048
589272.9091074892785400
368170.6406378413084894
1281.0767840200001046
1229340.9482051078230143
690240.2725062343524769
404332.8567830976680852
805751.4121861975872889
547466.8839504320640117
786814.6450904791709036
509804.1390345074469224
144851.6294900649809279
1203997.6901714035775512
505335.4355486645363271
754600.1914652244886383
904969.3571132097858936
919930.4059629508992657
782824.6594234831864014
506245.9213717754464597
914814.5742967884289101
462556.4572883765795268
1264699.1241850808728486
118922.1884991477709264
850962.0234436690807343
837085.4883208180544898
1123190.8750455433037132
1233228.7767184304539114
123067.8213021733827190
619231.0206791022792459
136311.7358330301940441
771942.0591802481794730
267821.4763170278747566
981675.1184925339184701
1057328.4246368696913123
1107631.0112410113215446
387731.0850539365201257
823187.0072530871257186
520473.4997325048316270
487455.9357351558282971
466296.8760420007165521
1122260.2910064440220594
485158.5214652273571119
874293.1414216067641973
434737.6727497458341531
437786.5110448529594578
755511.5742260221159086
449646.6950257028220221
239819.4281356244755443
304752.5720804915181361
640109.4000621973536909
394451.9950418981607072
987196.9020607278216630
769146.2178873878438026
288190.2987757433438674
989803.2177241952158511
172500.0170137807144783
1087170.7832590874750167
839797.0755078640067950
725806.2092983134789392
269964.5932289530173875
256388.3114625431189779
545541.8226519192103297
497659.5930905497516505
1069063.6204551358241588
1029322.9246939442818984
1173007.5359314205124974
265680.9477799104643054
208974.8267875652818475
957811.8941267216578126
240926.2397355068533216
1279327.9933753076475114
966145.6436930325580761
760616.4904862933326513
246600.5202841229329351
566608.4797546666814014
1035955.0491566222626716
461763.6148421043180861
1106491.3348920363932848
465160.3791134310886264
42614.6302750840623048
990996.9492997927591205
79280.6128845049970550
1220748.6223012562841177
564607.3313662217697129
1008126.0577132104663178
979516.4636756777763367
79421.9280630381836090
609304.0401582453632727
577357.2900348900584504
27887.1449087200016947
254052.9654049800883513
151021.1420008122513536
1155957.8049025074578822
399810.9895064461161382
108612.4837848700117320
669067.0269353546900675
393877.5902297269203700
252701.1428390236396808
1089237.1887479310389608
486867.6039040597388521
669566.6631595520302653
418393.7218740317039192
1065654.0811345700640231
6021.7811176440000054
759760.2538845714880154
709098.8543068536091596
1123973.6613494714256376
525056.9074160344898701
142272.1271615509176627
609778.5076874514343217
974356.2976177443051711
460962.5815405083703808
898147.0050658303080127
1026837.9973296974785626
1345438.3348780714441091
319132.9559861536254175
392027.9595100034493953
342017.4514439648482949
917952.8026062839198858
831522.4540641080820933
605686.5636715677101165
1171864.1521231997758150
912733.7731165498262271
780089.4844090860569850
342099.4618982262909412
1224672.7267482746392488
1018331.3917123636929318
602850.3642367952270433
655156.3491858419729397
1185523.5618639865424484
286208.6811078808386810
848655.3817047249758616
203323.4390223610389512
1241869.5400438993237913
11551.0987582100005966
875183.7454639924690127
68168.5301724112068769
936465.8008333496982232
175787.6246416172070894
675323.3579154621111229
466988.6789462203742005
1008748.3326251981779933
639410.6599658941850066
733957.0477051951456815
396472.0472049626987427
529557.1139061379944906
489492.8749675272847526
150192.9287221277481876
528762.8669224865734577
1204309.1450458476319909
780834.5026979456888512
1170876.6956037622876465
937881.2397482227534056
730131.3719371970510110
1016791.0277412817813456
912383.2341751583153382
253534.0512713372008875
1037279.1071698422310874
987400.9244438618188724
224584.0868158127996139
738418.3624691261211410
1154462.0746618318371475
677290.4260304245399311
1034042.5742352136876434
804155.9045282808365300
236371.5176464954565745
139188.7095114984258544
644477.7477816676255316
379064.4464352203067392
272458.8284351089969277
66516.2119248991075438
524799.7499180656159297
378503.6744850124814548
1131689.4129144658800215
95154.9656113290111534
1237549.8734806634020060
932294.9949831194244325
1336079.3960775977466255
1092670.4300767607055604
485361.8468219212954864
895715.1232131478609517
627130.9437356784474105
350930.5747180106700398
789068.1987544738221914
1167912.5997514268383384
57265.0447915980039397
1211271.9125555923674256
611158.2721689310856164
523945.1646294963429682
647756.9396090154768899
466328.5684550958103500
847530.5595010028919205
269014.6847487968043424
1090661.8869774730410427
923924.5598811912350357
906868.6715601506875828
480000.4745756161282770
606979.8119963663630188
395160.7010822754818946
777418.0228415729943663
709019.9554412830621004
1214364.9955117853824049
824170.7658864385448396
1189464.0345208521466702
1227142.4503720230422914
851697.7924064962426201
1062144.1499450732953846
699155.1017990311374888
981819.8894650319125503
890077.9879243249306455
106378.4077823364787037
41224.7499666420117137
453669.9783074521110393
805219.6035326850833371
348096.8777413010830060
1135032.7101387381553650
10158.6736242000006314
419051.0645209824433550
544367.5624342641094700
950010.5017647967906669
457116.7195588747272268
864478.5904440368758515
1092617.3618521532043815
63571.5213108283060137
1115347.7505525110755116
519494.6237727464758791
1025578.1487256180262193
558163.0840554686728865
871954.0850917607313022
530510.5547717309091240
500565.4546235507586971
1181324.6964151065330952
991532.4099522950127721
634019.3653375732246786
83378.8285081432986772
630249.2882035159273073
661411.2292360682040453
75645.8365318833384663
317089.9884504416841082
678169.8998431897489354
941702.5954888669075444
1070248.3988732886500657
168676.4716094232280739
27474.6657470600002853
1001744.3239974400494248
839618.1855215585092083
1123347.8130775874014944
1154759.3806667097378522
578347.3867308492772281
1199361.7640945648308843
835567.8862740579061210
167451.7046407430025283
721855.3608224547933787
598536.6879231993807480
1132190.6125321087893099
942844.4981456169625744
50515.0078496111964341
390107.6046541432151571
203430.9479817220999394
639561.9308676813961938
631621.8827951775165275
985771.9235059674829245
240128.1933139076281805
927021.8732539075426757
1048565.9739664488006383
1202296.4128690776415169
685234.8967936360277236
924306.4300809801789001
233770.6511161371017806
1290652.3367547122761607
386430.4593860546010546
1066132.4451289335265756
1229480.1184869960416108
1186660.8507938485126942
800981.2812838209792972
1092835.2361514556687325
1092332.7562813682015985
1068673.0040103869978338
266450.1089156239759177
1106873.7063473211601377
54457.8952821700004279
799785.7672248871531337
400304.9296294499654323
1347964.4043883807025850
1340545.3923777600284666
536527.1236137063242495
780987.9144688585074618
66737.2069976659840904
426556.8417430763947777
498165.6857379859429784
803332.9823519567726180
45846.1934149110020371
755495.3916528408881277
1170162.5217766442801803
33920.1597250009945128
170504.9033042380469851
1190587.9733445916790515
583359.1605445103487000
102167.7419105199660407
313280.2822897823643871
209522.0876824826409575
668168.4883794661145657
112041.1529906783980550
677292.4717778034973890
807186.5545862795552239
469219.2534711260814220
57248.6623732199950609
471538.0454736415995285
660348.0274489977164194
558481.6254091446753591
495968.0897503399755806
758359.5741136455908418
181239.1026369559403975
511277.2135642325156368
1113518.2320885281078517
15963.7761078600015026
1188357.6979030717629939
235183.3898067519767210
1187394.6627715092618018
215104.4502599608968012
903833.8237603902816772
750091.1787138760555536
849026.9486705089220777
1241155.7993694504257292
1239007.0635535079054534
238873.5318178529560100
276130.1220519767957740
1087665.8968655520584434
904151.3229060189332813
590841.9147159486310557
323379.4919757700408809
996070.3670535202836618
791199.6403580076294020
870527.8635507468134165
1050714.0445764705073088
1151545.2382677418645471
1077561.3788273886311799
362347.1297520006191917
1241327.4606139606330544
667553.3372804526006803
104463.1027851883845869
64145.4500829699973110
1026891.7785589930135757
1190744.9884435362182558
719794.1787235634401441
794393.5965093516279012
233743.9290573890903033
957172.9225801667198539
1162313.0496623970102519
180499.3003315601963550
479720.1626600164454430
1194860.6224312176927924
293835.8386294641532004
836007.0882359870010987
1111582.2747037101071328
775289.6373596133198589
216175.2570465860189870
568454.7209887458011508
372279.6637282604933716
1143055.7469672146253288
968346.7288344217231497
415564.4189667065511458
272303.0184303901041858
448693.9944472546339966
603800.3725590292597190
1155850.0535822217352688
680018.2391200897982344
749661.6045378976268694
1029942.3422349554020911
539696.7249942433554679
322655.3504965028841980
169828.2700777329155244
656506.4548853724263608
1118783.2461369549855590
577612.0037531044799834
579738.1764877688838169
549443.3429200769169256
971283.9498708805767819
617281.0039428976597264
63064.1186869459997979
21105.4320530363002035
963686.3915665150852874
437561.3928021845640615
39293.9967595630077994
1060941.7563517328817397
505090.0479431690182537
516727.7215938959852792
748555.3664661569055170
787850.9116560497786850
685282.2525571618461981
1099334.8677051356062293
639617.5387383584165946
1184974.2828239011578262
333843.9571600159397349
1098381.8696899015922099
1221987.0782568419817835
933151.7261693973559886
1069968.4940750068053603
613201.1742807719856501
1009320.2977233440615237
979338.1749788350425661
263055.3086076804320328
975430.3972561890259385
754025.3313363088527694
196141.9517032489529811
844366.9673683503642678
1062809.4509549716021866
979003.5891643117647618
561558.4372253589099273
1225562.3573054836597294
701507.3951633180258796
856004.2271944179665297
807781.7595620495267212
1232060.5027449673507363
895389.7814219795400277
1186566.2011839945334941
445785.8877283400506712
485431.5881173685775138
145230.3201532824605238
679246.6267737647285685
840362.9391790641238913
411676.4606109130545519
603347.0341853612335399
926683.4418984258081764
1061401.6944705597124994
89712.2308302300079959
37819.0816358499941998
727107.3247450852068141
42653.1502637422963744
239457.7781829414016102
866740.6796751104993746
131628.9305311414645985
412839.5054601007141173
1318949.4647070418577641
819163.0746422531083226
699691.3569182511419058
296106.6156195739749819
442865.6193453861051239
242665.4071163903572597
292005.4978822411503643
419677.5052378209657036
739238.4842374549480155
1177634.7166102516930550
344548.6690844954573549
791764.2694245809689164
656715.1710905267391354
1046103.6802362668095157
1209893.0463991204742342
